  0.15984
  0.15984
  0.15984
  0.15984
  0.15996
  0.15996
  0.15996
  0.15996
  0.15999
  0.15999
  0.15999
  0.15999
  0.1599975
  0.1599975
  0.1599975
  0.1599975
  0.159999375
  0.159999375
  0.159999375
  0.159999375
  0.159999375
  0.159999375
  0.159999375
  0.159999375
  0.15999875
  0.15999875
  0.15999875
  0.15999875
  0.1599975
  0.1599975
  0.1599975
  0.1599975
  0.159995
  0.159995
  0.159995
  0.159995
  0.15999
  0.15999
  0.15999
  0.15999
  0.15999
  0.15999
  0.15998
  0.15998
  0.15998
  0.15998
  0.15998
  0.15998
  0.15996
  0.15996
  0.15996
  0.15996
  0.15996
  0.15996
  0.15996
  0.15996
  0.15992
  0.15992
  0.15992
  0.15992
  0.15992
  0.15992
  0.15992
  0.15992
  0.15988
  0.15988
  0.15988
  0.15988
  0.15988
  0.15988
  0.15988
  0.15988
  0.15984
  0.15984
  0.15984
  0.15984
  0.15984
  0.15984
  0.15984
  0.15984
  0.15976
  0.15976
  0.15976
  0.15976
  0.15976
  0.15976
  0.15976
  0.15976
  0.15968
  0.15968
  0.15968
  0.15968
  0.15968
  0.15968
  0.15968
  0.15968
  0.1596
  0.1596
  0.1596
  0.1596
  0.1596
  0.1596
  0.1596
  0.1596
  0.15944
  0.15944
  0.15944
  0.15944
  0.15944
  0.15944
  0.15944
  0.15944
  0.15928
  0.15928
  0.15928
  0.15928
  0.15928
  0.15928
  0.15912
  0.15912
  0.15912
  0.15912
  0.15912
  0.15912
  0.15896
  0.15896
  0.15896
  0.15896
  0.15896
  0.15896
  0.1588
  0.1588
  0.1588
  0.1588
  0.1588
  0.1588
  0.15864
  0.15864
  0.15864
  0.15864
  0.15864
  0.15864
  0.15832
  0.15832
  0.15832
  0.15832
  0.15832
  0.15832
  0.158
  0.158
  0.158
  0.158
  0.158
  0.158
  0.15768
  0.15768
  0.15768
  0.15768
  0.15768
  0.15768
  0.15736
  0.15736
  0.15736
  0.15736
  0.15736
  0.15736
  0.15704
  0.15704
  0.15704
  0.15704
  0.15704
  0.15704
  0.15672
  0.15672
  0.15672
  0.15672
  0.15672
  0.15672
  0.15608
  0.15608
  0.15608
  0.15608
  0.15608
  0.15608
  0.15544
  0.15544
  0.15544
  0.15544
  0.15544
  0.15544
  0.1548
  0.1548
  0.1548
  0.1548
  0.1548
  0.1548
  0.15416
  0.15416
  0.15416
  0.15416
  0.15416
  0.15416
  0.15352
  0.15352
  0.15352
  0.15352
  0.15352
  0.15352
  0.15288
  0.15288
  0.15288
  0.15288
  0.15288
  0.15288
  0.1516
  0.1516
  0.1516
  0.1516
  0.1516
  0.1516
  0.15032
  0.15032
  0.15032
  0.15032
  0.15032
  0.15032
  0.14904
  0.14904
  0.14904
  0.14904
  0.14904
  0.14904
  0.14776
  0.14776
  0.14776
  0.14776
  0.14776
  0.14776
  0.14648
  0.14648
  0.14648
  0.14648
  0.14648
  0.14648
  0.1452
  0.1452
  0.1452
  0.1452
  0.1452
  0.1452
  0.14392
  0.14392
  0.14392
  0.14392
  0.14392
  0.14392
  0.14136
  0.14136
  0.14136
  0.14136
  0.14136
  0.14136
  0.1388
  0.1388
  0.1388
  0.1388
  0.1388
  0.1388
  0.13624
  0.13624
  0.13624
  0.13624
  0.13624
  0.13624
  0.13368
  0.13368
  0.13368
  0.13368
  0.13368
  0.13368
  0.13112
  0.13112
  0.13112
  0.13112
  0.13112
  0.13112
  0.12856
  0.12856
  0.12856
  0.12856
  0.12856
  0.12856
  0.126
  0.126
  0.126
  0.126
  0.126
  0.126
  0.12344
  0.12344
  0.12344
  0.12344
  0.12344
  0.12344
  0.12088
  0.12088
  0.12088
  0.12088
  0.12088
  0.12088
  0.11832
  0.11832
  0.11832
  0.11832
  0.11832
  0.11832
  0.11576
  0.11576
  0.11576
  0.11576
  0.11576
  0.11576
  0.11064
  0.11064
  0.11064
  0.11064
  0.11064
  0.11064
  0.11064
  0.11064
  0.10552
  0.10552
  0.10552
  0.10552
  0.10552
  0.10552
  0.1004
  0.1004
  0.1004
  0.1004
  0.1004
  0.1004
  0.1004
  0.1004
  0.09528
  0.09528
  0.09528
  0.09528
  0.09528
  0.09528
  0.09528
  0.09528
  0.09016
  0.09016
  0.09016
  0.09016
  0.09016
  0.09016
  0.09016
  0.09016
  0.08504
  0.08504
  0.08504
  0.08504
  0.08504
  0.08504
  0.08504
  0.08504
  0.07992
  0.07992
  0.07992
  0.07992
  0.07992
  0.07992
  0.07992
  0.07992
  0.0748
  0.0748
  0.0748
  0.0748
  0.0748
  0.0748
  0.0748
  0.0748
  0.06968
  0.06968
  0.06968
  0.06968
  0.06968
  0.06968
  0.06968
  0.06968
  0.06456
  0.06456
  0.06456
  0.06456
  0.06456
  0.06456
  0.06456
  0.06456
  0.05432
  0.05432
  0.05432
  0.05432
  0.05432
  0.05432
  0.05432
  0.05432
  0.04408
  0.04408
  0.04408
  0.04408
  0.04408
  0.04408
  0.04408
  0.04408
  0.03384
  0.03384
  0.03384
  0.03384
  0.03384
  0.03384
  0.03384
  0.03384
  0.0236
  0.0236
  0.0236
  0.0236
  0.0236
  0.0236
  0.0236
  0.0236
  0.01336
  0.01336
  0.01336
  0.01336
  0.01336
  0.01336
  0.01336
  0.01336
  0.004144
  0.004144
  0.004144
  0.004144
  0.004144
  0.004144
  0.004144
  0.004144
  0.00568210814
  0.00568210814
  0.00568210814
  0.00568210814
  0.00568210814
  0.00568210814
  0.00568210814
  0.00568210814
  0.
  0.
  0.
  0.
  0.00426158111
  0.00426158111
  0.00426158111
  0.00426158111
  0.00426158111
  0.00426158111
  0.00142052704
  0.00142052704
  0.00142052704
  0.00142052704
  0.00142052704
  0.00142052704
  0.00142052704
  0.00142052704
  0.
  0.
  0.
  0.
