  0.02  0.  2.  0.00261120401
  0.04  0.  2.  0.00538637198
  0.06  0.  2.  0.00588295388
  0.08  0.  2.  0.00672614701
  0.1  0.  2.  0.00793876096
  0.12  0.  2.  0.00955180852
  0.14  0.  2.  0.0116034846
  0.16  0.  2.  0.014137899
  0.18  0.  2.  0.0172032544
  0.2  0.  2.  0.0208500111
  0.22  0.  2.  0.0251283963
  0.24  0.  2.  0.0300858365
  0.26  0.  2.  0.0357636759
  0.28  0.  2.  0.0421940769
  0.3  0.  2.  0.0493966186
  0.32  0.  2.  0.0573749511
  0.34  0.  2.  0.0661135521
  0.36  0.  2.  0.0755747771
  0.38  0.  2.  0.085696619
  0.4  0.  2.  0.0963913297
  0.42  0.  2.  0.107544718
  0.44  0.  2.  0.119016185
  0.46  0.  2.  0.130640737
  0.48  0.  2.  0.142231586
  0.5  0.  2.  0.153584333
  0.52  0.  2.  0.164481869
  0.54  0.  2.  0.174700401
  0.56  0.  2.  0.18401651
  0.58  0.  2.  0.19221451
  0.6  0.  2.  0.199093259
  0.62  0.  1.99999999  0.204473329
  0.64  0.  1.9999999  0.208203737
  0.66  0.  1.99999847  0.210165472
  0.68  0.  1.99997467  0.210278108
  0.7  0.  1.99956181  0.208500284
  0.72  0.  1.99243573  0.204830101
  0.74  0.  1.88319854  0.199306183
  0.76  0.  1.49664894  0.192003226
  0.78  0.  1.33743599  0.183025956
  0.8  0.  1.2666823  0.172507802
  0.82  0.  1.22292141  0.16060203
  0.84  0.  1.18984067  0.147473445
  0.86  0.  1.16231023  0.133293545
  0.88  0.  1.13816135  0.118232508
  0.9  0.  1.11622703  0.102453086
  0.92  0.  1.09576999  0.0861069601
  0.94  0.  1.07626562  0.0693294483
  0.96  0.  1.057299  0.052238415
  0.98  0.  1.038506  0.034933436
  1.  0.  1.0195326  0.0174974019
  1.02  0.  1.  0.593148915

  0.02  0.02  2.  0.00520148725
  0.04  0.02  2.  0.0107295607
  0.06  0.02  2.  0.0117187574
  0.08  0.02  2.  0.0133983845
  0.1  0.02  2.  0.0158139023
  0.12  0.02  2.  0.0190270413
  0.14  0.02  2.  0.0231139845
  0.16  0.02  2.  0.0281624644
  0.18  0.02  2.  0.0342686457
  0.2  0.02  2.  0.0415328837
  0.22  0.02  2.  0.0500554087
  0.24  0.02  2.  0.0599305162
  0.26  0.02  2.  0.0712407158
  0.28  0.02  2.  0.0840499609
  0.3  0.02  2.  0.0983973
  0.32  0.02  2.  0.114290031
  0.34  0.02  2.  0.131697187
  0.36  0.02  2.  0.150543808
  0.38  0.02  2.  0.170706337
  0.4  0.02  2.  0.192010063
  0.42  0.02  2.  0.214227414
  0.44  0.02  2.  0.237078456
  0.46  0.02  2.  0.260234287
  0.48  0.02  2.  0.283323149
  0.5  0.02  2.  0.305937576
  0.52  0.02  2.  0.327645351
  0.54  0.02  2.  0.348000563
  0.56  0.02  2.  0.366558031
  0.58  0.02  2.  0.38288837
  0.6  0.02  2.  0.396590587
  0.62  0.02  1.99999999  0.407307723
  0.64  0.02  1.9999999  0.414738411
  0.66  0.02  1.99999847  0.418646668
  0.68  0.02  1.99997467  0.418871092
  0.7  0.02  1.99956178  0.415330232
  0.72  0.02  1.99243524  0.408019873
  0.74  0.02  1.88318929  0.397016354
  0.76  0.02  1.49664383  0.38246808
  0.78  0.02  1.33743439  0.364584989
  0.8  0.02  1.26668166  0.343633172
  0.82  0.02  1.22292107  0.319917062
  0.84  0.02  1.18984046  0.293764948
  0.86  0.02  1.16231009  0.265518825
  0.88  0.02  1.13816124  0.235517276
  0.9  0.02  1.11622695  0.204085116
  0.92  0.02  1.09576993  0.171523773
  0.94  0.02  1.07626558  0.138103381
  0.96  0.02  1.05729898  0.10405814
  0.98  0.02  1.03850599  0.0695869484
  1.  0.02  1.01953259  0.0348545737
  1.02  0.02  1.  1.11280882

  0.02  0.04  2.  0.00513922303
  0.04  0.04  2.  0.0106011491
  0.06  0.04  2.  0.0115784884
  0.08  0.04  2.  0.0132380058
  0.1  0.04  2.  0.015624593
  0.12  0.04  2.  0.0187992828
  0.14  0.04  2.  0.0228372481
  0.16  0.04  2.  0.0278253084
  0.18  0.04  2.  0.0338583372
  0.2  0.04  2.  0.0410356424
  0.22  0.04  2.  0.0494560682
  0.24  0.04  2.  0.0592129599
  0.26  0.04  2.  0.0703876933
  0.28  0.04  2.  0.0830435664
  0.3  0.04  2.  0.0972191013
  0.32  0.04  2.  0.112921486
  0.34  0.04  2.  0.130120184
  0.36  0.04  2.  0.14874112
  0.38  0.04  2.  0.168662239
  0.4  0.04  2.  0.189710812
  0.42  0.04  2.  0.211662124
  0.44  0.04  2.  0.234239475
  0.46  0.04  2.  0.2571181
  0.48  0.04  2.  0.279930378
  0.5  0.04  2.  0.302274034
  0.52  0.04  2.  0.323721812
  0.54  0.04  2.  0.343833295
  0.56  0.04  2.  0.362168615
  0.58  0.04  2.  0.378303309
  0.6  0.04  2.  0.391841706
  0.62  0.04  1.99999999  0.402430255
  0.64  0.04  1.9999999  0.409771659
  0.66  0.04  1.99999847  0.413632722
  0.68  0.04  1.99997467  0.413854412
  0.7  0.04  1.99956171  0.410356282
  0.72  0.04  1.99243371  0.403133686
  0.74  0.04  1.88316013  0.39226186
  0.76  0.04  1.49662772  0.377887051
  0.78  0.04  1.33742934  0.360218398
  0.8  0.04  1.26667964  0.339517777
  0.82  0.04  1.22292  0.31608568
  0.84  0.04  1.18983979  0.290246855
  0.86  0.04  1.16230964  0.262339018
  0.88  0.04  1.13816093  0.232696916
  0.9  0.04  1.11622673  0.201640972
  0.92  0.04  1.09576977  0.169469705
  0.94  0.04  1.07626547  0.136449329
  0.96  0.04  1.0572989  0.102811949
  0.98  0.04  1.03850594  0.0687535606
  1.  0.04  1.01953257  0.0344372155
  1.02  0.04  1.  1.07671292

  0.02  0.06  2.  0.0050371194
  0.04  0.06  2.  0.010390501
  0.06  0.06  2.  0.0113484282
  0.08  0.06  2.  0.0129749609
  0.1  0.06  2.  0.0153141214
  0.12  0.06  2.  0.0184256829
  0.14  0.06  2.  0.0223834171
  0.16  0.06  2.  0.0272722944
  0.18  0.06  2.  0.0331854495
  0.2  0.06  2.  0.0402200548
  0.22  0.06  2.  0.0484731569
  0.24  0.06  2.  0.0580360692
  0.26  0.06  2.  0.0689887125
  0.28  0.06  2.  0.0813930043
  0.3  0.06  2.  0.0952867473
  0.32  0.06  2.  0.110677007
  0.34  0.06  2.  0.127533817
  0.36  0.06  2.  0.145784624
  0.38  0.06  2.  0.165309746
  0.4  0.06  2.  0.185939933
  0.42  0.06  2.  0.207454861
  0.44  0.06  2.  0.229583487
  0.46  0.06  2.  0.252007257
  0.48  0.06  2.  0.274366135
  0.5  0.06  2.  0.296265527
  0.52  0.06  2.  0.317287007
  0.54  0.06  2.  0.336998849
  0.56  0.06  2.  0.354969702
  0.58  0.06  2.  0.370783659
  0.6  0.06  2.  0.384052755
  0.62  0.06  1.99999999  0.394431129
  0.64  0.06  1.9999999  0.401626653
  0.66  0.06  1.99999847  0.405410954
  0.68  0.06  1.99997466  0.40562755
  0.7  0.06  1.99956157  0.402197808
  0.72  0.06  1.99243089  0.395118689
  0.74  0.06  1.88310663  0.384462937
  0.76  0.06  1.49659817  0.370374343
  0.78  0.06  1.33742008  0.353057361
  0.8  0.06  1.26667594  0.332768785
  0.82  0.06  1.22291804  0.309802482
  0.84  0.06  1.18983857  0.284477148
  0.86  0.06  1.1623088  0.257124174
  0.88  0.06  1.13816034  0.228071025
  0.9  0.06  1.11622631  0.197632634
  0.92  0.06  1.09576947  0.166100775
  0.94  0.06  1.07626526  0.133736892
  0.96  0.06  1.05729875  0.100768001
  0.98  0.06  1.03850585  0.0673867521
  1.  0.06  1.01953253  0.0337525541
  1.02  0.06  1.  1.03324251

  0.02  0.08  2.  0.00489755391
  0.04  0.08  2.  0.010102632
  0.06  0.08  2.  0.0110339991
  0.08  0.08  2.  0.0126154584
  0.1  0.08  2.  0.0148897881
  0.12  0.08  2.  0.0179151384
  0.14  0.08  2.  0.0217631441
  0.16  0.08  2.  0.026516557
  0.18  0.08  2.  0.032265802
  0.2  0.08  2.  0.0391055049
  0.22  0.08  2.  0.0471298305
  0.24  0.08  2.  0.05642774
  0.26  0.08  2.  0.0670767978
  0.28  0.08  2.  0.0791373238
  0.3  0.08  2.  0.0926459897
  0.32  0.08  2.  0.107609652
  0.34  0.08  2.  0.123999244
  0.36  0.08  2.  0.141744225
  0.38  0.08  2.  0.160728248
  0.4  0.08  2.  0.180786607
  0.42  0.08  2.  0.201705211
  0.44  0.08  2.  0.223220485
  0.46  0.08  2.  0.245022856
  0.48  0.08  2.  0.266761949
  0.5  0.08  2.  0.288054366
  0.52  0.08  2.  0.308493054
  0.54  0.08  2.  0.327658675
  0.56  0.08  2.  0.345131666
  0.58  0.08  2.  0.360507292
  0.6  0.08  2.  0.373408591
  0.62  0.08  1.99999999  0.383498851
  0.64  0.08  1.9999999  0.39049511
  0.66  0.08  1.99999847  0.394175028
  0.68  0.08  1.99997464  0.394386201
  0.7  0.08  1.99956134  0.391051089
  0.72  0.08  1.99242638  0.384168167
  0.74  0.08  1.88302082  0.373807769
  0.76  0.08  1.4965508  0.360109546
  0.78  0.08  1.33740523  0.343272536
  0.8  0.08  1.26667  0.323546121
  0.82  0.08  1.22291489  0.301215831
  0.84  0.08  1.1898366  0.276592499
  0.86  0.08  1.16230747  0.249997615
  0.88  0.08  1.13815941  0.221749866
  0.9  0.08  1.11622564  0.192155019
  0.92  0.08  1.09576899  0.161497278
  0.94  0.08  1.07626491  0.130030125
  0.96  0.08  1.05729852  0.0979751219
  0.98  0.08  1.0385057  0.0655190505
  1.  0.08  1.01953246  0.0328171202
  1.02  0.08  1.  0.981709414

  0.02  0.1  2.  0.00472382647
  0.04  0.1  2.  0.00974423967
  0.06  0.1  2.  0.0106425708
  0.08  0.1  2.  0.0121679092
  0.1  0.1  2.  0.0143615396
  0.12  0.1  2.  0.0172795052
  0.14  0.1  2.  0.0209909777
  0.16  0.1  2.  0.0255756612
  0.18  0.1  2.  0.0311209192
  0.2  0.1  2.  0.0377178658
  0.22  0.1  2.  0.0454574759
  0.24  0.1  2.  0.0544253704
  0.26  0.1  2.  0.0646965395
  0.28  0.1  2.  0.0763290319
  0.3  0.1  2.  0.0893582725
  0.32  0.1  2.  0.10379087
  0.34  0.1  2.  0.119598758
  0.36  0.1  2.  0.136713973
  0.38  0.1  2.  0.155024276
  0.4  0.1  2.  0.174370797
  0.42  0.1  2.  0.194546938
  0.44  0.1  2.  0.215298659
  0.46  0.1  2.  0.236327206
  0.48  0.1  2.  0.257294871
  0.5  0.1  2.  0.277831512
  0.52  0.1  2.  0.297544757
  0.54  0.1  2.  0.316030179
  0.56  0.1  2.  0.332883233
  0.58  0.1  2.  0.347713323
  0.6  0.1  2.  0.360156825
  0.62  0.1  1.99999999  0.36988885
  0.64  0.1  1.9999999  0.376635979
  0.66  0.1  1.99999847  0.380185034
  0.68  0.1  1.99997462  0.380388923
  0.7  0.1  1.99956099  0.377172356
  0.72  0.1  1.9924195  0.370533699
  0.74  0.1  1.88289022  0.360540842
  0.76  0.1  1.49647876  0.347328648
  0.78  0.1  1.33738264  0.331089174
  0.8  0.1  1.26666096  0.312062838
  0.82  0.1  1.2229101  0.290525238
  0.84  0.1  1.1898336  0.266776129
  0.86  0.1  1.16230544  0.241125209
  0.88  0.1  1.13815798  0.213879595
  0.9  0.1  1.11622462  0.185335319
  0.92  0.1  1.09576826  0.155765464
  0.94  0.1  1.07626439  0.125415224
  0.96  0.1  1.05729817  0.0944978295
  0.98  0.1  1.03850548  0.0631937988
  1.  0.1  1.01953235  0.0316524291
  1.02  0.1  1.  0.922987983

  0.02  0.12  2.  0.00451983278
  0.04  0.12  2.  0.00932346683
  0.06  0.12  2.  0.0101829824
  0.08  0.12  2.  0.0116424393
  0.1  0.12  2.  0.0137413142
  0.12  0.12  2.  0.0165332549
  0.14  0.12  2.  0.0200843617
  0.16  0.12  2.  0.0244710214
  0.18  0.12  2.  0.0297767129
  0.2  0.12  2.  0.0360887554
  0.22  0.12  2.  0.0434939993
  0.24  0.12  2.  0.0520745358
  0.26  0.12  2.  0.0619019758
  0.28  0.12  2.  0.0730320031
  0.3  0.12  2.  0.0854983932
  0.32  0.12  2.  0.0993074708
  0.34  0.12  2.  0.114432441
  0.36  0.12  2.  0.130808284
  0.38  0.12  2.  0.148327659
  0.4  0.12  2.  0.16683841
  0.42  0.12  2.  0.186142925
  0.44  0.12  2.  0.205998138
  0.46  0.12  2.  0.226118336
  0.48  0.12  2.  0.24618016
  0.5  0.12  2.  0.265829697
  0.52  0.12  2.  0.284691099
  0.54  0.12  2.  0.30237784
  0.56  0.12  2.  0.318502998
  0.58  0.12  2.  0.332692604
  0.6  0.12  2.  0.344598866
  0.62  0.12  1.99999999  0.353910782
  0.64  0.12  1.9999999  0.360366369
  0.66  0.12  1.99999847  0.363761454
  0.68  0.12  1.99997459  0.363956092
  0.7  0.12  1.99956048  0.360878412
  0.72  0.12  1.99240931  0.354526251
  0.74  0.12  1.88269641  0.344965212
  0.76  0.12  1.49637198  0.332323867
  0.78  0.12  1.33734915  0.316786298
  0.8  0.12  1.26664756  0.298582032
  0.82  0.12  1.22290298  0.277974903
  0.84  0.12  1.18982915  0.255251661
  0.86  0.12  1.16230243  0.230708232
  0.88  0.12  1.13815586  0.204639896
  0.9  0.12  1.1162231  0.177328843
  0.92  0.12  1.09576717  0.149036475
  0.94  0.12  1.07626362  0.119997012
  0.96  0.12  1.05729764  0.0904154405
  0.98  0.12  1.03850516  0.0604637795
  1.  0.12  1.0195322  0.0302850813
  1.02  0.12  1.  0.858611714

  0.02  0.14  2.  0.00429011869
  0.04  0.14  2.  0.00884959058
  0.06  0.14  2.  0.00966542718
  0.08  0.14  2.  0.0110506837
  0.1  0.14  2.  0.0130428612
  0.12  0.14  2.  0.0156928427
  0.14  0.14  2.  0.0190634252
  0.16  0.14  2.  0.0232270136
  0.18  0.14  2.  0.0282629885
  0.2  0.14  2.  0.0342540972
  0.22  0.14  2.  0.0412829097
  0.24  0.14  2.  0.0494271437
  0.26  0.14  2.  0.0587549603
  0.28  0.14  2.  0.0693190847
  0.3  0.14  2.  0.0811516517
  0.32  0.14  2.  0.0942586101
  0.34  0.14  2.  0.108614501
  0.36  0.14  2.  0.124157702
  0.38  0.14  2.  0.140786348
  0.4  0.14  2.  0.158356004
  0.42  0.14  2.  0.176678933
  0.44  0.14  2.  0.195524585
  0.46  0.14  2.  0.214621728
  0.48  0.14  2.  0.2336636
  0.5  0.14  2.  0.252314062
  0.52  0.14  2.  0.270216504
  0.54  0.14  2.  0.287003657
  0.56  0.14  2.  0.302308805
  0.58  0.14  2.  0.31577693
  0.6  0.14  2.  0.32707783
  0.62  0.14  1.99999999  0.335916673
  0.64  0.14  1.9999999  0.342044377
  0.66  0.14  1.99999847  0.345267103
  0.68  0.14  1.99997455  0.34545168
  0.7  0.14  1.99955974  0.342530511
  0.72  0.14  1.9923944  0.33650118
  0.74  0.14  1.88241295  0.32742635
  0.76  0.14  1.49621606  0.31542767
  0.78  0.14  1.33730023  0.300679956
  0.8  0.14  1.26662797  0.283400844
  0.82  0.14  1.22289259  0.263841241
  0.84  0.14  1.18982265  0.242272955
  0.86  0.14  1.16229803  0.218977706
  0.88  0.14  1.13815276  0.194234971
  0.9  0.14  1.11622088  0.168312736
  0.92  0.14  1.09576557  0.141458503
  0.94  0.14  1.07626249  0.113895694
  0.96  0.14  1.05729687  0.085818227
  0.98  0.14  1.03850468  0.0573896263
  1.  0.14  1.01953197  0.0287453119
  1.02  0.14  1.  0.790368953

  0.02  0.16  2.  0.00403956324
  0.04  0.16  2.  0.00833276785
  0.06  0.16  2.  0.00910093372
  0.08  0.16  2.  0.0104052737
  0.1  0.16  2.  0.0122810696
  0.12  0.16  2.  0.0147762549
  0.14  0.16  2.  0.0179498856
  0.16  0.16  2.  0.0218702393
  0.18  0.16  2.  0.0266119677
  0.2  0.16  2.  0.0322531265
  0.22  0.16  2.  0.0388712784
  0.24  0.16  2.  0.0465397439
  0.26  0.16  2.  0.0553225522
  0.28  0.16  2.  0.0652695317
  0.3  0.16  2.  0.0764107891
  0.32  0.16  2.  0.0887519422
  0.34  0.16  2.  0.102269048
  0.36  0.16  2.  0.116904089
  0.38  0.16  2.  0.132561246
  0.4  0.16  2.  0.149104418
  0.42  0.16  2.  0.166356827
  0.44  0.16  2.  0.184101345
  0.46  0.16  2.  0.202082733
  0.48  0.16  2.  0.220012009
  0.5  0.16  2.  0.23757287
  0.52  0.16  2.  0.254429333
  0.54  0.16  2.  0.270235739
  0.56  0.16  2.  0.284646524
  0.58  0.16  2.  0.297327688
  0.6  0.16  2.  0.307968065
  0.62  0.16  1.99999999  0.31629036
  0.64  0.16  1.9999999  0.322060065
  0.66  0.16  1.99999846  0.325094611
  0.68  0.16  1.99997449  0.325268461
  0.7  0.16  1.99955866  0.322517934
  0.72  0.16  1.99237283  0.316840816
  0.74  0.16  1.8820025  0.308296089
  0.76  0.16  1.49599085  0.296998221
  0.78  0.16  1.33722956  0.28311195
  0.8  0.16  1.26659965  0.266842232
  0.82  0.16  1.22287755  0.248425492
  0.84  0.16  1.18981323  0.228117735
  0.86  0.16  1.16229165  0.206183725
  0.88  0.16  1.13814828  0.182886771
  0.9  0.16  1.11621767  0.158478645
  0.92  0.16  1.09576326  0.133193523
  0.94  0.16  1.07626086  0.107241112
  0.96  0.16  1.05729576  0.080804309
  0.98  0.16  1.03850398  0.0540365851
  1.  0.16  1.01953164  0.0270658826
  1.02  0.16  1.  0.720080981

  0.02  0.18  2.  0.00377328431
  0.04  0.18  2.  0.00778347412
  0.06  0.18  2.  0.00850101389
  0.08  0.18  2.  0.00971934527
  0.1  0.18  2.  0.0114714675
  0.12  0.18  2.  0.0138021236
  0.14  0.18  2.  0.0167665092
  0.16  0.18  2.  0.0204283112
  0.18  0.18  2.  0.024857394
  0.2  0.18  2.  0.0301265679
  0.22  0.18  2.  0.0363084102
  0.24  0.18  2.  0.0434711868
  0.26  0.18  2.  0.0516748821
  0.28  0.18  2.  0.0609659322
  0.3  0.18  2.  0.0713725878
  0.32  0.18  2.  0.0828999558
  0.34  0.18  2.  0.0955256442
  0.36  0.18  2.  0.109195555
  0.38  0.18  2.  0.123820256
  0.4  0.18  2.  0.139272654
  0.42  0.18  2.  0.155387397
  0.44  0.18  2.  0.17196175
  0.46  0.18  2.  0.188757321
  0.48  0.18  2.  0.205504348
  0.5  0.18  2.  0.221907189
  0.52  0.18  2.  0.237652088
  0.54  0.18  2.  0.252416034
  0.56  0.18  2.  0.265876577
  0.58  0.18  2.  0.277721554
  0.6  0.18  2.  0.287660306
  0.62  0.18  1.99999999  0.295433684
  0.64  0.18  1.9999999  0.300822847
  0.66  0.18  1.99999846  0.303657119
  0.68  0.18  1.9999744  0.303819519
  0.7  0.18  1.99955711  0.301250143
  0.72  0.18  1.99234187  0.295947467
  0.74  0.18  1.88141291  0.287966015
  0.76  0.18  1.49566851  0.277413248
  0.78  0.18  1.33712836  0.264442624
  0.8  0.18  1.26655906  0.249245993
  0.82  0.18  1.22285597  0.232043979
  0.84  0.18  1.18979972  0.21307535
  0.86  0.18  1.1622825  0.192587682
  0.88  0.18  1.13814183  0.170826525
  0.9  0.18  1.11621305  0.148028051
  0.92  0.18  1.09575995  0.12441024
  0.94  0.18  1.07625851  0.100169491
  0.96  0.18  1.05729415  0.0754759159
  0.98  0.18  1.03850299  0.0504734079
  1.  0.18  1.01953116  0.0252812045
  1.02  0.18  1.  0.64946486

  0.02  0.2  2.  0.00349643953
  0.04  0.2  2.  0.00721241858
  0.06  0.2  2.  0.00787729392
  0.08  0.2  2.  0.00900623081
  0.1  0.2  2.  0.0106297675
  0.12  0.2  2.  0.0127893947
  0.14  0.2  2.  0.015536202
  0.16  0.2  2.  0.0189292686
  0.18  0.2  2.  0.0230332505
  0.2  0.2  2.  0.0279157616
  0.22  0.2  2.  0.0336439116
  0.24  0.2  2.  0.0402810694
  0.26  0.2  2.  0.0478826232
  0.28  0.2  2.  0.0564918154
  0.3  0.2  2.  0.0661346999
  0.32  0.2  2.  0.0768160701
  0.34  0.2  2.  0.0885150916
  0.36  0.2  2.  0.101181604
  0.38  0.2  2.  0.114732885
  0.4  0.2  2.  0.12905121
  0.42  0.2  2.  0.143983342
  0.44  0.2  2.  0.159341207
  0.46  0.2  2.  0.174903977
  0.48  0.2  2.  0.190421718
  0.5  0.2  2.  0.205620786
  0.52  0.2  2.  0.220210156
  0.54  0.2  2.  0.233890439
  0.56  0.2  2.  0.246362782
  0.58  0.2  2.  0.25733834
  0.6  0.2  2.  0.266547597
  0.62  0.2  1.99999999  0.273750462
  0.64  0.2  1.9999999  0.278744116
  0.66  0.2  1.99999845  0.281370349
  0.68  0.2  1.99997427  0.281520821
  0.7  0.2  1.99955489  0.27914003
  0.72  0.2  1.99229777  0.27422649
  0.74  0.2  1.88057197  0.266830858
  0.76  0.2  1.49521107  0.257052613
  0.78  0.2  1.33698469  0.245033971
  0.8  0.2  1.26650136  0.230952703
  0.82  0.2  1.22282528  0.215013036
  0.84  0.2  1.18978049  0.19743651
  0.86  0.2  1.16226947  0.178452228
  0.88  0.2  1.13813266  0.158288434
  0.9  0.2  1.11620647  0.137163269
  0.92  0.2  1.09575522  0.115279278
  0.94  0.2  1.07625515  0.0928177933
  0.96  0.2  1.05729187  0.0699366538
  0.98  0.2  1.03850157  0.046768958
  1.  0.2  1.01953048  0.0234257238
  1.02  0.2  1.  0.580047426

  0.02  0.22  2.  0.00321408756
  0.04  0.22  2.  0.00662997884
  0.06  0.22  2.  0.0072411766
  0.08  0.22  2.  0.00827891248
  0.1  0.22  2.  0.00977131515
  0.12  0.22  2.  0.0117564979
  0.14  0.22  2.  0.014281443
  0.16  0.22  2.  0.0174003796
  0.18  0.22  2.  0.0211728437
  0.2  0.22  2.  0.0256609195
  0.22  0.22  2.  0.0309264393
  0.24  0.22  2.  0.0370274474
  0.26  0.22  2.  0.0440149782
  0.28  0.22  2.  0.0519286562
  0.3  0.22  2.  0.0607926426
  0.32  0.22  2.  0.0706111819
  0.34  0.22  2.  0.0813651211
  0.36  0.22  2.  0.0930083308
  0.38  0.22  2.  0.105464802
  0.4  0.22  2.  0.118626462
  0.42  0.22  2.  0.132352368
  0.44  0.22  2.  0.146469688
  0.46  0.22  2.  0.160775245
  0.48  0.22  2.  0.175039252
  0.5  0.22  2.  0.189010292
  0.52  0.22  2.  0.202421222
  0.54  0.22  2.  0.214996489
  0.56  0.22  2.  0.226461265
  0.58  0.22  2.  0.236549972
  0.6  0.22  2.  0.245015171
  0.62  0.22  1.99999999  0.251635941
  0.64  0.22  1.9999999  0.256226128
  0.66  0.22  1.99999843  0.258640084
  0.68  0.22  1.99997409  0.258778372
  0.7  0.22  1.99955176  0.256589811
  0.72  0.22  1.99223538  0.252073205
  0.74  0.22  1.87938031  0.245274926
  0.76  0.22  1.49456748  0.236286614
  0.78  0.22  1.33678241  0.225238807
  0.8  0.22  1.26642001  0.212295072
  0.82  0.22  1.22278194  0.197643031
  0.84  0.22  1.18975333  0.181486381
  0.86  0.22  1.16225105  0.164035959
  0.88  0.22  1.13811968  0.145501103
  0.9  0.22  1.11619717  0.126082746
  0.92  0.22  1.09574853  0.105966683
  0.94  0.22  1.07625041  0.0853199205
  0.96  0.22  1.05728864  0.0642869618
  0.98  0.22  1.03849956  0.042990809
  1.  0.22  1.01952952  0.0215332968
  1.02  0.22  1.  0.513115274

  0.02  0.24  2.  0.00293099154
  0.04  0.24  2.  0.00604602118
  0.06  0.24  2.  0.00660337128
  0.08  0.24  2.  0.00754970714
  0.1  0.24  2.  0.00891062043
  0.12  0.24  2.  0.0107209162
  0.14  0.24  2.  0.0130234054
  0.16  0.24  2.  0.0158675682
  0.18  0.24  2.  0.0193076103
  0.2  0.24  2.  0.0234002775
  0.22  0.24  2.  0.028201881
  0.24  0.24  2.  0.0337654705
  0.26  0.24  2.  0.040137343
  0.28  0.24  2.  0.0473537966
  0.3  0.24  2.  0.0554367797
  0.32  0.24  2.  0.064390334
  0.34  0.24  2.  0.0741968216
  0.36  0.24  2.  0.0848141213
  0.38  0.24  2.  0.0961729756
  0.4  0.24  2.  0.108174937
  0.42  0.24  2.  0.120691537
  0.44  0.24  2.  0.133565022
  0.46  0.24  2.  0.146610286
  0.48  0.24  2.  0.159617527
  0.5  0.24  2.  0.172357402
  0.52  0.24  2.  0.184586489
  0.54  0.24  2.  0.196053825
  0.56  0.24  2.  0.20650855
  0.58  0.24  2.  0.215708412
  0.6  0.24  2.  0.223427728
  0.62  0.24  1.99999999  0.229465115
  0.64  0.24  1.9999999  0.233650721
  0.66  0.24  1.99999842  0.23585194
  0.68  0.24  1.99997383  0.235977886
  0.7  0.24  1.99954736  0.233982148
  0.72  0.24  1.99214772  0.229863328
  0.74  0.24  1.8777019  0.223664096
  0.76  0.24  1.49366995  0.215467642
  0.78  0.24  1.33650008  0.205393301
  0.8  0.24  1.26630622  0.19359
  0.82  0.24  1.22272124  0.180228995
  0.84  0.24  1.18971523  0.165496028
  0.86  0.24  1.16222521  0.149583105
  0.88  0.24  1.13810147  0.132681371
  0.9  0.24  1.1161841  0.114973784
  0.92  0.24  1.09573914  0.0966303395
  0.94  0.24  1.07624375  0.0778026772
  0.96  0.24  1.05728409  0.058622946
  0.98  0.24  1.03849673  0.0392030132
  1.  0.24  1.01952817  0.0196360341
  1.02  0.24  1.  0.449692444

  0.02  0.26  2.  0.00265155092
  0.04  0.26  2.  0.00546959437
  0.06  0.26  2.  0.00597382306
  0.08  0.26  2.  0.00682990443
  0.1  0.26  2.  0.00806105126
  0.12  0.26  2.  0.00969871526
  0.14  0.26  2.  0.0117816521
  0.16  0.26  2.  0.0143545672
  0.18  0.26  2.  0.017466551
  0.2  0.26  2.  0.0211688674
  0.22  0.26  2.  0.02551261
  0.24  0.26  2.  0.0305456498
  0.26  0.26  2.  0.0363099547
  0.28  0.26  2.  0.0428381509
  0.3  0.26  2.  0.0501503097
  0.32  0.26  2.  0.0582499895
  0.34  0.26  2.  0.0671213499
  0.36  0.26  2.  0.076726129
  0.38  0.26  2.  0.0870016073
  0.4  0.26  2.  0.0978588511
  0.42  0.26  2.  0.109181733
  0.44  0.26  2.  0.120827526
  0.46  0.26  2.  0.132628687
  0.48  0.26  2.  0.144395622
  0.5  0.26  2.  0.155920524
  0.52  0.26  2.  0.166983179
  0.54  0.26  2.  0.177356649
  0.56  0.26  2.  0.186814247
  0.58  0.26  2.  0.195136675
  0.6  0.26  2.  0.202119807
  0.62  0.26  1.99999999  0.20758142
  0.64  0.26  1.9999999  0.211367826
  0.66  0.26  1.99999839  0.213359102
  0.68  0.26  1.99997347  0.213473003
  0.7  0.26  1.9995412  0.211667551
  0.72  0.26  1.99202534  0.207941525
  0.74  0.26  1.87535132  0.202333459
  0.76  0.26  1.49242993  0.194918716
  0.78  0.26  1.3361096  0.185805125
  0.8  0.26  1.26614842  0.175127484
  0.82  0.26  1.22263688  0.163040715
  0.84  0.26  1.18966223  0.149712844
  0.86  0.26  1.16218923  0.135317596
  0.88  0.26  1.13807609  0.120027764
  0.9  0.26  1.1161659  0.104009117
  0.92  0.26  1.09572604  0.0874150425
  0.94  0.26  1.07623446  0.0703830642
  0.96  0.26  1.05727776  0.0530324116
  0.98  0.26  1.03849279  0.0354643687
  1.  0.26  1.01952628  0.0177632021
  1.02  0.26  1.  0.390539136

  0.02  0.28  2.  0.00237967449
  0.04  0.28  2.  0.00490877034
  0.06  0.28  2.  0.00536128732
  0.08  0.28  2.  0.0061296022
  0.1  0.28  2.  0.0072344699
  0.12  0.28  2.  0.0087041798
  0.14  0.28  2.  0.0105734995
  0.16  0.28  2.  0.0128825632
  0.18  0.28  2.  0.0156753408
  0.2  0.28  2.  0.0189979217
  0.22  0.28  2.  0.0228961201
  0.24  0.28  2.  0.0274130522
  0.26  0.28  2.  0.032586187
  0.28  0.28  2.  0.0384448797
  0.3  0.28  2.  0.0450070051
  0.32  0.28  2.  0.0522760009
  0.34  0.28  2.  0.0602375119
  0.36  0.28  2.  0.068857252
  0.38  0.28  2.  0.0780788132
  0.4  0.28  2.  0.0878223621
  0.42  0.28  2.  0.0979838271
  0.44  0.28  2.  0.108435123
  0.46  0.28  2.  0.119025879
  0.48  0.28  2.  0.129585931
  0.5  0.28  2.  0.139928936
  0.52  0.28  2.  0.149856978
  0.54  0.28  2.  0.159166434
  0.56  0.28  2.  0.167653841
  0.58  0.28  2.  0.175122578
  0.6  0.28  2.  0.181389325
  0.62  0.28  1.99999999  0.186290708
  0.64  0.28  1.9999999  0.189688652
  0.66  0.28  1.99999836  0.19147565
  0.68  0.28  1.99997296  0.191577809
  0.7  0.28  1.99953262  0.18995753
  0.72  0.28  1.99185553  0.186613595
  0.74  0.28  1.87207687  0.181580767
  0.76  0.28  1.49073384  0.174926475
  0.78  0.28  1.33557473  0.166747738
  0.8  0.28  1.26593147  0.157165225
  0.82  0.28  1.2225206  0.146318302
  0.84  0.28  1.18958907  0.134357501
  0.86  0.28  1.16213951  0.121438905
  0.88  0.28  1.13804102  0.107717449
  0.9  0.28  1.11614072  0.093341741
  0.92  0.28  1.09570792  0.0784495649
  0.94  0.28  1.0762216  0.0631642587
  0.96  0.28  1.05726898  0.0475932166
  0.98  0.28  1.03848734  0.0318269829
  1.  0.28  1.01952367  0.0159413741
  1.02  0.28  1.  0.336165603

  0.02  0.3  2.  0.00211869994
  0.04  0.3  2.  0.00437043434
  0.06  0.3  2.  0.0047733311
  0.08  0.3  2.  0.00545736133
  0.1  0.3  2.  0.00644105294
  0.12  0.3  2.  0.00774953561
  0.14  0.3  2.  0.00941381386
  0.16  0.3  2.  0.0114695956
  0.18  0.3  2.  0.0139560439
  0.2  0.3  2.  0.0169140948
  0.22  0.3  2.  0.0203846527
  0.24  0.3  2.  0.0244060838
  0.26  0.3  2.  0.0290118755
  0.28  0.3  2.  0.0342279086
  0.3  0.3  2.  0.0400701929
  0.32  0.3  2.  0.0465417203
  0.34  0.3  2.  0.0536299603
  0.36  0.3  2.  0.0613041976
  0.38  0.3  2.  0.0695142064
  0.4  0.3  2.  0.0781888471
  0.42  0.3  2.  0.0872355008
  0.44  0.3  2.  0.0965402506
  0.46  0.3  2.  0.105969151
  0.48  0.3  2.  0.115370741
  0.5  0.3  2.  0.124579098
  0.52  0.3  2.  0.133418137
  0.54  0.3  2.  0.141706387
  0.56  0.3  2.  0.149262744
  0.58  0.3  2.  0.155912115
  0.6  0.3  2.  0.161491366
  0.62  0.3  1.99999999  0.165854968
  0.64  0.3  1.99999989  0.168880129
  0.66  0.3  1.99999831  0.170470983
  0.68  0.3  1.99997224  0.170561933
  0.7  0.3  1.99952073  0.169119312
  0.72  0.3  1.99162134  0.166142276
  0.74  0.3  1.86753844  0.16166146
  0.76  0.3  1.4884391  0.15573729
  0.78  0.3  1.33484965  0.148455733
  0.8  0.3  1.26563598  0.139924609
  0.82  0.3  1.22236167  0.130267565
  0.84  0.3  1.18948888  0.119618993
  0.86  0.3  1.16207136  0.108117578
  0.88  0.3  1.13799289  0.0959013182
  0.9  0.3  1.11610615  0.0831024578
  0.92  0.3  1.09568303  0.0698436427
  0.94  0.3  1.07620394  0.056235087
  0.96  0.3  1.05725693  0.0423722493
  0.98  0.3  1.03847984  0.0283358631
  1.  0.3  1.01952008  0.014192925
  1.02  0.3  1.  0.286856883

  0.02  0.32  2.  0.00187137162
  0.04  0.32  2.  0.00386024035
  0.06  0.32  2.  0.00421609057
  0.08  0.32  2.  0.00482027872
  0.1  0.32  2.  0.00568909923
  0.12  0.32  2.  0.00684480246
  0.14  0.32  2.  0.00831475148
  0.16  0.32  2.  0.0101305207
  0.18  0.32  2.  0.0123266414
  0.2  0.32  2.  0.0149392963
  0.22  0.32  2.  0.0180045339
  0.24  0.32  2.  0.0215563898
  0.26  0.32  2.  0.0256244041
  0.28  0.32  2.  0.0302315235
  0.3  0.32  2.  0.0353916122
  0.32  0.32  2.  0.0411074426
  0.34  0.32  2.  0.0473679317
  0.36  0.32  2.  0.0541461851
  0.38  0.32  2.  0.0613976067
  0.4  0.32  2.  0.0690593322
  0.42  0.32  2.  0.0770495378
  0.44  0.32  2.  0.0852676774
  0.46  0.32  2.  0.0935955289
  0.48  0.32  2.  0.101899236
  0.5  0.32  2.  0.110032321
  0.52  0.32  2.  0.117839176
  0.54  0.32  2.  0.125159654
  0.56  0.32  2.  0.131833649
  0.58  0.32  2.  0.137706589
  0.6  0.32  2.  0.142634343
  0.62  0.32  1.99999999  0.146488399
  0.64  0.32  1.99999989  0.149160282
  0.66  0.32  1.99999824  0.15056536
  0.68  0.32  1.99997124  0.150645653
  0.7  0.32  1.9995043  0.149371502
  0.72  0.32  1.99130015  0.14674205
  0.74  0.32  1.86127978  0.142784536
  0.76  0.32  1.48537153  0.137552083
  0.78  0.32  1.33387776  0.131120904
  0.8  0.32  1.26523742  0.123585896
  0.82  0.32  1.22214634  0.115056552
  0.84  0.32  1.18935282  0.105651273
  0.86  0.32  1.16197868  0.0954928534
  0.88  0.32  1.13792739  0.0847029804
  0.9  0.32  1.11605906  0.0733986005
  0.92  0.32  1.09564911  0.0616880088
  0.94  0.32  1.07617985  0.0496685253
  0.96  0.32  1.05724048  0.037424628
  0.98  0.32  1.0384696  0.0250273586
  1.  0.32  1.01951518  0.0125358383
  1.02  0.32  1.  0.242703727

  0.02  0.34  2.  0.00163980349
  0.04  0.34  2.  0.0033825569
  0.06  0.34  2.  0.00369436178
  0.08  0.34  2.  0.00422376603
  0.1  0.34  2.  0.00498507805
  0.12  0.34  2.  0.00599772229
  0.14  0.34  2.  0.00728573206
  0.16  0.34  2.  0.00887676677
  0.18  0.34  2.  0.0108011153
  0.2  0.34  2.  0.0130903869
  0.22  0.34  2.  0.0157762026
  0.24  0.34  2.  0.0188883446
  0.26  0.34  2.  0.0224528704
  0.28  0.34  2.  0.0264898078
  0.3  0.34  2.  0.0310113582
  0.32  0.34  2.  0.0360196753
  0.34  0.34  2.  0.0415052126
  0.36  0.34  2.  0.0474444247
  0.38  0.34  2.  0.0537984373
  0.4  0.34  2.  0.0605119203
  0.42  0.34  2.  0.0675131454
  0.44  0.34  2.  0.0747139945
  0.46  0.34  2.  0.082010951
  0.48  0.34  2.  0.0892867864
  0.5  0.34  2.  0.0964131159
  0.52  0.34  2.  0.103253658
  0.54  0.34  2.  0.109667976
  0.56  0.34  2.  0.115515922
  0.58  0.34  2.  0.120661887
  0.6  0.34  2.  0.124979722
  0.62  0.34  1.99999999  0.128356704
  0.64  0.34  1.99999988  0.130697884
  0.66  0.34  1.99999814  0.131929011
  0.68  0.34  1.99996983  0.131999366
  0.7  0.34  1.9994816  0.130882894
  0.72  0.34  1.99086202  0.12857893
  0.74  0.34  1.85269731  0.125111196
  0.76  0.34  1.48132554  0.120526474
  0.78  0.34  1.33259104  0.114891256
  0.8  0.34  1.26470542  0.108289006
  0.82  0.34  1.2218573  0.100815265
  0.84  0.34  1.18916963  0.0925742137
  0.86  0.34  1.16185368  0.0836730633
  0.88  0.34  1.13783894  0.0742188493
  0.9  0.34  1.11599542  0.0643137489
  0.92  0.34  1.09560324  0.0540527703
  0.94  0.34  1.07614725  0.0435209874
  0.96  0.34  1.05721821  0.0327924187
  0.98  0.34  1.03845575  0.0219295207
  1.  0.34  1.01950854  0.0109841044
  1.02  0.34  1.  0.203636273

  0.02  0.36  2.  0.00142550558
  0.04  0.36  2.  0.00294050082
  0.06  0.36  2.  0.00321153709
  0.08  0.36  2.  0.00367174279
  0.1  0.36  2.  0.00433353589
  0.12  0.36  2.  0.00521383317
  0.14  0.36  2.  0.00633346306
  0.16  0.36  2.  0.0077165245
  0.18  0.36  2.  0.0093893396
  0.2  0.36  2.  0.0113794209
  0.22  0.36  2.  0.013714132
  0.24  0.36  2.  0.0164194058
  0.26  0.36  2.  0.0195178914
  0.28  0.36  2.  0.023027183
  0.3  0.36  2.  0.0269577706
  0.32  0.36  2.  0.0313115537
  0.34  0.36  2.  0.0360799657
  0.36  0.36  2.  0.0412427313
  0.38  0.36  2.  0.0467660864
  0.4  0.36  2.  0.0526021085
  0.42  0.36  2.  0.0586882328
  0.44  0.36  2.  0.0649478329
  0.46  0.36  2.  0.0712908818
  0.48  0.36  2.  0.0776155251
  0.5  0.36  2.  0.0838101974
  0.52  0.36  2.  0.0897564502
  0.54  0.36  2.  0.0953322434
  0.56  0.36  2.  0.10041568
  0.58  0.36  2.  0.104888979
  0.6  0.36  2.  0.108642336
  0.62  0.36  1.99999999  0.111577917
  0.64  0.36  1.99999987  0.113613013
  0.66  0.36  1.999998  0.114683261
  0.68  0.36  1.99996781  0.114744369
  0.7  0.36  1.9994501  0.113773892
  0.72  0.36  1.99026731  0.111771044
  0.74  0.36  1.84101351  0.108756688
  0.76  0.36  1.47606947  0.104771179
  0.78  0.36  1.33091052  0.0998727423
  0.8  0.36  1.26400322  0.0941334768
  0.82  0.36  1.22147301  0.087636883
  0.84  0.36  1.18892515  0.0804730039
  0.86  0.36  1.1616865  0.0727355602
  0.88  0.36  1.13772047  0.0645171647
  0.9  0.36  1.1159101  0.0559069738
  0.92  0.36  1.09554169  0.0469872739
  0.94  0.36  1.07610348  0.0378320981
  0.96  0.36  1.0571883  0.0285057272
  0.98  0.36  1.03843713  0.0190626371
  1.  0.36  1.01949962  0.00954806702
  1.02  0.36  1.  0.169458085

  0.02  0.38  2.  0.00122941061
  0.04  0.38  2.  0.00253598759
  0.06  0.38  2.  0.00276971693
  0.08  0.38  2.  0.00316658883
  0.1  0.38  2.  0.00373733106
  0.12  0.38  2.  0.00449649769
  0.14  0.38  2.  0.00546208486
  0.16  0.38  2.  0.00665482189
  0.18  0.38  2.  0.00809746771
  0.2  0.38  2.  0.00981373209
  0.22  0.38  2.  0.011827248
  0.24  0.38  2.  0.0141602414
  0.26  0.38  2.  0.0168323015
  0.28  0.38  2.  0.0198586216
  0.3  0.38  2.  0.0232484346
  0.32  0.38  2.  0.0270032422
  0.34  0.38  2.  0.0311156686
  0.36  0.38  2.  0.0355679708
  0.38  0.38  2.  0.040331228
  0.4  0.38  2.  0.0453641206
  0.42  0.38  2.  0.0506128609
  0.44  0.38  2.  0.0560112163
  0.46  0.38  2.  0.0614815297
  0.48  0.38  2.  0.0669359053
  0.5  0.38  2.  0.072278138
  0.52  0.38  2.  0.0774060937
  0.54  0.38  2.  0.082214562
  0.56  0.38  2.  0.086598429
  0.58  0.38  2.  0.090456121
  0.6  0.38  2.  0.0936929711
  0.62  0.38  1.99999999  0.0962245584
  0.64  0.38  1.99999986  0.097979629
  0.66  0.38  1.99999778  0.0989025677
  0.68  0.38  1.99996486  0.0989553158
  0.7  0.38  1.99940597  0.0981183439
  0.72  0.38  1.98946309  0.096391155
  0.74  0.38  1.82527571  0.093791526
  0.76  0.38  1.46935877  0.090354516
  0.78  0.38  1.32874837  0.0861300319
  0.8  0.38  1.26308741  0.0811806521
  0.82  0.38  1.22096727  0.0755779606
  0.84  0.38  1.1886019  0.0693999835
  0.86  0.38  1.16146488  0.0627271172
  0.88  0.38  1.13756315  0.0556396483
  0.9  0.38  1.11579665  0.048214133
  0.92  0.38  1.09545976  0.0405218276
  0.94  0.38  1.07604518  0.0326263331
  0.96  0.38  1.05714844  0.0245832604
  0.98  0.38  1.0384123  0.0164394923
  1.  0.38  1.01948772  0.00823416291
  1.02  0.38  1.  0.139878843

  0.02  0.4  2.  0.00105190582
  0.04  0.4  2.  0.00216983882
  0.06  0.4  2.  0.00236980166
  0.08  0.4  2.  0.00270933445
  0.1  0.4  2.  0.00319764266
  0.12  0.4  2.  0.00384719732
  0.14  0.4  2.  0.00467333231
  0.16  0.4  2.  0.00569382124
  0.18  0.4  2.  0.00692810245
  0.2  0.4  2.  0.00839652706
  0.22  0.4  2.  0.010119275
  0.24  0.4  2.  0.0121153958
  0.26  0.4  2.  0.0144015129
  0.28  0.4  2.  0.0169906899
  0.3  0.4  2.  0.019890853
  0.32  0.4  2.  0.0231034711
  0.34  0.4  2.  0.0266220945
  0.36  0.4  2.  0.0304315572
  0.38  0.4  2.  0.0345068687
  0.4  0.4  2.  0.0388128534
  0.42  0.4  2.  0.0433034578
  0.44  0.4  2.  0.0479221886
  0.46  0.4  2.  0.0526025113
  0.48  0.4  2.  0.0572692296
  0.5  0.4  2.  0.0618399893
  0.52  0.4  2.  0.0662273753
  0.54  0.4  2.  0.0703413884
  0.56  0.4  2.  0.0740920942
  0.58  0.4  2.  0.0773926016
  0.6  0.4  2.  0.0801619322
  0.62  0.4  1.99999999  0.0823278464
  0.64  0.4  1.99999983  0.0838294061
  0.66  0.4  1.99999746  0.0846190217
  0.68  0.4  1.99996043  0.0846641205
  0.7  0.4  1.99934277  0.0839480313
  0.72  0.4  1.98837563  0.0824702784
  0.74  0.4  1.80441895  0.0802461184
  0.76  0.4  1.46095975  0.0773054393
  0.78  0.4  1.32601214  0.0736910996
  0.8  0.4  1.26190825  0.0694564444
  0.82  0.4  1.22030876  0.0646629956
  0.84  0.4  1.18817859  0.0593771644
  0.86  0.4  1.16117372  0.0536680727
  0.88  0.4  1.13735604  0.0476040181
  0.9  0.4  1.11564706  0.0412509557
  0.92  0.4  1.0953516  0.0346694944
  0.94  0.4  1.07596815  0.0279144208
  0.96  0.4  1.05709573  0.0210329547
  0.98  0.4  1.03837945  0.0140654007
  1.  0.4  1.01947197  0.00704503157
  1.02  0.4  1.  0.114544051

  0.02  0.42  2.  0.00089292807
  0.04  0.42  2.  0.00184189372
  0.06  0.42  2.  0.0020116194
  0.08  0.42  2.  0.00229980678
  0.1  0.42  2.  0.00271427415
  0.12  0.42  2.  0.003265629
  0.14  0.42  2.  0.00396690609
  0.16  0.42  2.  0.00483311383
  0.18  0.42  2.  0.00588079493
  0.2  0.42  2.  0.00712720765
  0.22  0.42  2.  0.00858955205
  0.24  0.42  2.  0.0102839309
  0.26  0.42  2.  0.0122244938
  0.28  0.42  2.  0.0144221988
  0.3  0.42  2.  0.0168838378
  0.32  0.42  2.  0.0196106832
  0.34  0.42  2.  0.0225974334
  0.36  0.42  2.  0.025831093
  0.38  0.42  2.  0.0292904824
  0.4  0.42  2.  0.0329455125
  0.42  0.42  2.  0.036757237
  0.44  0.42  2.  0.0406776135
  0.46  0.42  2.  0.0446503438
  0.48  0.42  2.  0.048611525
  0.5  0.42  1.99999999  0.0524913024
  0.52  0.42  2.00000001  0.0562154483
  0.54  0.42  1.99999999  0.0597075325
  0.56  0.42  2.00000002  0.0628912489
  0.58  0.42  1.99999998  0.0656927878
  0.6  0.42  2.00000001  0.0680434641
  0.62  0.42  1.99999997  0.0698819223
  0.64  0.42  1.99999981  0.0711564616
  0.66  0.42  1.99999694  0.0718266792
  0.68  0.42  1.99995348  0.0718649446
  0.7  0.42  1.99924845  0.0712570812
  0.72  0.42  1.9868897  0.0700027345
  0.74  0.42  1.7774411  0.0681148062
  0.76  0.42  1.45068488  0.0656187099
  0.78  0.42  1.32261151  0.062550694
  0.8  0.42  1.26041064  0.058956257
  0.82  0.42  1.21946097  0.0548873682
  0.84  0.42  1.1876298  0.0504007345
  0.86  0.42  1.1607948  0.0455545931
  0.88  0.42  1.13708581  0.0404073873
  0.9  0.42  1.11545151  0.0350146086
  0.92  0.42  1.09521002  0.0294282479
  0.94  0.42  1.0758672  0.023694372
  0.96  0.42  1.0570266  0.0178534054
  0.98  0.42  1.03833635  0.0119391698
  1.  0.42  1.0194513  0.00598010973
  1.02  0.42  1.  0.0930608002

  0.02  0.44  2.  0.000751997754
  0.04  0.44  2.  0.00155119002
  0.06  0.44  2.  0.00169411153
  0.08  0.44  2.  0.00193678384
  0.1  0.44  2.  0.00228580187
  0.12  0.44  2.  0.00275010333
  0.14  0.44  2.  0.00334066809
  0.16  0.44  2.  0.00407015992
  0.18  0.44  2.  0.00495243054
  0.2  0.44  2.  0.00600205751
  0.22  0.44  2.  0.00723351707
  0.24  0.44  2.  0.00866044538
  0.26  0.44  2.  0.010294673
  0.28  0.44  2.  0.0121454783
  0.3  0.44  2.  0.0142184502
  0.32  0.44  2.  0.0165147219
  0.34  0.44  2.  0.0190298433
  0.36  0.44  2.  0.0217530232
  0.38  0.44  2.  0.0246663361
  0.4  0.44  2.  0.0277444984
  0.42  0.44  2.  0.0309545126
  0.44  0.44  2.  0.0342560345
  0.46  0.44  2.  0.0376015208
  0.48  0.44  1.99999999  0.0409373235
  0.5  0.44  2.00000002  0.0442045211
  0.52  0.44  1.99999997  0.0473407025
  0.54  0.44  2.00000004  0.0502814587
  0.56  0.44  1.99999996  0.0529625394
  0.58  0.44  2.00000004  0.0553218042
  0.6  0.44  1.99999996  0.0573013586
  0.62  0.44  2.00000002  0.0588495957
  0.64  0.44  1.99999971  0.0599229052
  0.66  0.44  1.99999612  0.0604873287
  0.68  0.44  1.99994182  0.0605195234
  0.7  0.44  1.99909738  0.0600076407
  0.72  0.44  1.9847824  0.0589512772
  0.74  0.44  1.74369979  0.0573614322
  0.76  0.44  1.43843559  0.0552593683
  0.78  0.44  1.31846707  0.0526757517
  0.8  0.44  1.25853592  0.0496486711
  0.82  0.44  1.21838228  0.046222226
  0.84  0.44  1.18692578  0.0424438235
  0.86  0.44  1.16030643  0.0383629034
  0.88  0.44  1.13673646  0.0340281956
  0.9  0.44  1.11519816  0.0294869184
  0.92  0.44  1.09502627  0.0247823651
  0.94  0.44  1.07573601  0.019953818
  0.96  0.44  1.05693668  0.0150349248
  0.98  0.44  1.03828024  0.0100544534
  1.  0.44  1.01942439  0.00503608537
  1.02  0.44  1.  0.0750193235

  0.02  0.46  2.  0.00062832592
  0.04  0.46  2.  0.00129607792
  0.06  0.46  2.  0.00141548499
  0.08  0.46  2.  0.00161822619
  0.1  0.46  2.  0.00190980926
  0.12  0.46  2.  0.00229771215
  0.14  0.46  2.  0.00279111966
  0.16  0.46  2.  0.00340060722
  0.18  0.46  2.  0.00413777277
  0.2  0.46  2.  0.0050147161
  0.22  0.46  2.  0.00604357896
  0.24  0.46  2.  0.0072357452
  0.26  0.46  2.  0.00860117873
  0.28  0.46  2.  0.01014754
  0.3  0.46  2.  0.0118795607
  0.32  0.46  2.  0.0137980529
  0.34  0.46  2.  0.0158993614
  0.36  0.46  2.  0.0181744596
  0.38  0.46  2.  0.0206085014
  0.4  0.46  2.  0.0231803025
  0.42  0.46  2.  0.0258623667
  0.44  0.46  2.  0.0286208347
  0.46  0.46  1.99999999  0.0314160738
  0.48  0.46  2.00000002  0.0342031203
  0.5  0.46  1.99999996  0.0369328811
  0.52  0.46  2.00000006  0.0395530973
  0.54  0.46  1.99999992  0.0420100745
  0.56  0.46  2.00000009  0.044250054
  0.58  0.46  1.99999991  0.0462211854
  0.6  0.46  2.00000008  0.0478750669
  0.62  0.46  1.99999991  0.0491685882
  0.64  0.46  1.9999997  0.0500653261
  0.66  0.46  1.99999459  0.0505368834
  0.68  0.46  1.99992101  0.0505637888
  0.7  0.46  1.99882891  0.0501360845
  0.72  0.46  1.98150116  0.0492535155
  0.74  0.46  1.70322113  0.0479251764
  0.76  0.46  1.42424267  0.0461689569
  0.78  0.46  1.31352001  0.04401034
  0.8  0.46  1.25622432  0.0414812828
  0.82  0.46  1.21702666  0.0386184257
  0.84  0.46  1.18603246  0.0354616832
  0.86  0.46  1.15968334  0.0320520503
  0.88  0.46  1.13628911  0.0284305677
  0.9  0.46  1.11487288  0.0246362544
  0.92  0.46  1.09478989  0.0207056905
  0.94  0.46  1.07556698  0.0166712852
  0.96  0.46  1.05682069  0.0125615946
  0.98  0.46  1.03820781  0.00840035544
  1.  0.46  1.01938962  0.00420759451
  1.02  0.46  1.  0.0600102925

  0.02  0.48  2.  0.000520868151
  0.04  0.48  2.  0.00107441007
  0.06  0.48  2.  0.00117337974
  0.08  0.48  2.  0.00134143971
  0.1  0.48  2.  0.00158313084
  0.12  0.48  2.  0.00190464541
  0.14  0.48  2.  0.0023136182
  0.16  0.48  2.  0.00281883379
  0.18  0.48  2.  0.00342989178
  0.2  0.48  2.  0.00415684234
  0.22  0.48  2.  0.00500967361
  0.24  0.48  2.  0.00599787326
  0.26  0.48  2.  0.00712968239
  0.28  0.48  2.  0.00841153515
  0.3  0.48  2.  0.00984726369
  0.32  0.48  2.  0.0114376148
  0.34  0.48  2.  0.0131794236
  0.36  0.48  2.  0.0150652738
  0.38  0.48  2.  0.0170828163
  0.4  0.48  2.  0.0192146024
  0.42  0.48  2.  0.0214377914
  0.44  0.48  1.99999999  0.0237244017
  0.46  0.48  2.00000002  0.0260414717
  0.48  0.48  1.99999996  0.0283518104
  0.5  0.48  2.00000008  0.0306146018
  0.52  0.48  1.99999988  0.0327866281
  0.54  0.48  2.00000015  0.0348232708
  0.56  0.48  1.99999984  0.0366800711
  0.58  0.48  2.00000016  0.0383139616
  0.6  0.48  1.99999986  0.0396849064
  0.62  0.48  2.00000008  0.0407571099
  0.64  0.48  1.99999938  0.0415004325
  0.66  0.48  1.999992  0.0418912972
  0.68  0.48  1.99988102  0.0419136005
  0.7  0.48  1.99829221  0.0415590597
  0.72  0.48  1.97539364  0.0408274596
  0.74  0.48  1.65679146  0.0397263679
  0.76  0.48  1.4082912  0.0382705807
  0.78  0.48  1.30774082  0.0364812775
  0.8  0.48  1.25341791  0.0343848625
  0.82  0.48  1.21534466  0.032011788
  0.84  0.48  1.18491178  0.0293949947
  0.86  0.48  1.15889667  0.0265687133
  0.88  0.48  1.1357219  0.0235667056
  0.9  0.48  1.11445915  0.0204216043
  0.92  0.48  1.09448852  0.0171633494
  0.94  0.48  1.0753511  0.0138191742
  0.96  0.48  1.05667234  0.0104124134
  0.98  0.48  1.03811508  0.00696311238
  1.  0.48  1.0193451  0.00348765508
  1.02  0.48  1.  0.0476381108

  0.02  0.5  2.  0.000428397632
  0.04  0.5  2.  0.000883664989
  0.06  0.5  2.  0.000965050821
  0.08  0.5  2.  0.00110325965
  0.1  0.5  2.  0.00130203516
  0.12  0.5  2.  0.00156643903
  0.14  0.5  2.  0.00190274832
  0.16  0.5  2.  0.0023182172
  0.18  0.5  2.  0.00282075956
  0.2  0.5  2.  0.00341861965
  0.22  0.5  2.  0.00412002995
  0.24  0.5  2.  0.00493272292
  0.26  0.5  2.  0.0058635277
  0.28  0.5  2.  0.00691770358
  0.3  0.5  2.  0.0080984926
  0.32  0.5  2.  0.00940642103
  0.34  0.5  2.  0.0108389728
  0.36  0.5  2.  0.0123899183
  0.38  0.5  2.  0.0140491729
  0.4  0.5  2.  0.0158023171
  0.42  0.5  2.  0.0176306607
  0.44  0.5  2.00000001  0.0195111384
  0.46  0.5  1.99999997  0.0214167316
  0.48  0.5  2.00000006  0.0233167686
  0.5  0.5  1.99999988  0.0251777666
  0.52  0.5  2.00000017  0.0269640803
  0.54  0.5  1.99999978  0.0286391014
  0.56  0.5  2.00000023  0.0301661677
  0.58  0.5  1.99999978  0.0315099432
  0.6  0.5  2.00000018  0.0326374219
  0.62  0.5  1.99999979  0.033519238
  0.64  0.5  1.99999923  0.0341305444
  0.66  0.5  1.9999867  0.0344520082
  0.68  0.5  1.99980094  0.0344703353
  0.7  0.5  1.99711496  0.0341787675
  0.72  0.5  1.96120388  0.03357708
  0.74  0.5  1.60571975  0.032671508
  0.76  0.5  1.39092592  0.0314742348
  0.78  0.5  1.30113435  0.0300026675
  0.8  0.5  1.25006366  0.0282785524
  0.82  0.5  1.21328503  0.0263268657
  0.84  0.5  1.18352235  0.0241747653
  0.86  0.5  1.15791416  0.0218502864
  0.88  0.5  1.13500997  0.0193814138
  0.9  0.5  1.11393797  0.0167947822
  0.92  0.5  1.09410782  0.0141152618
  0.94  0.5  1.07507782  0.0113649413
  0.96  0.5  1.05648426  0.00856327388
  0.98  0.5  1.0379974  0.00572648666
  1.  0.5  1.01928855  0.00286827737
  1.02  0.5  1.  0.0375305887

  0.02  0.52  2.  0.000349581312
  0.04  0.52  2.  0.000721083377
  0.06  0.52  2.  0.000787488794
  0.08  0.52  2.  0.000900258864
  0.1  0.52  2.  0.00106244541
  0.12  0.52  2.  0.00127818972
  0.14  0.52  2.  0.00155258864
  0.16  0.52  2.  0.00189155905
  0.18  0.52  2.  0.00230158585
  0.2  0.52  2.  0.00278941653
  0.22  0.52  2.  0.00336174847
  0.24  0.52  2.  0.00402490729
  0.26  0.52  2.  0.00478440163
  0.28  0.52  2.  0.00564456991
  0.3  0.52  2.  0.00660801148
  0.32  0.52  2.  0.00767525098
  0.34  0.52  2.  0.00884414543
  0.36  0.52  2.  0.0101097153
  0.38  0.52  2.  0.0114636053
  0.4  0.52  2.  0.0128941326
  0.42  0.52  2.  0.0143859592
  0.44  0.52  1.99999999  0.0159203467
  0.46  0.52  2.00000004  0.0174751879
  0.48  0.52  1.99999992  0.0190255378
  0.5  0.52  2.00000015  0.0205440026
  0.52  0.52  1.99999978  0.0220015838
  0.54  0.52  2.00000027  0.0233683195
  0.56  0.52  1.99999972  0.0246143834
  0.58  0.52  2.00000025  0.0257108461
  0.6  0.52  1.99999978  0.0266308602
  0.62  0.52  2.00000004  0.0273503803
  0.64  0.52  1.99999825  0.027849206
  0.66  0.52  1.99997606  0.0281114952
  0.68  0.52  1.99963694  0.0281264665
  0.7  0.52  1.99448432  0.0278885418
  0.72  0.52  1.92374028  0.0273976053
  0.74  0.52  1.55164477  0.0266586809
  0.76  0.52  1.37264319  0.0256817378
  0.78  0.52  1.29373846  0.0244809774
  0.8  0.52  1.2461159  0.0230741584
  0.82  0.52  1.21079663  0.0214816614
  0.84  0.52  1.18182055  0.0197256185
  0.86  0.52  1.15670073  0.0178289244
  0.88  0.52  1.13412566  0.0158143596
  0.9  0.52  1.11328786  0.0137037868
  0.92  0.52  1.09363144  0.0115173881
  0.94  0.52  1.07473502  0.00927333722
  0.96  0.52  1.05624791  0.00698729555
  0.98  0.52  1.03784932  0.00467265743
  1.  0.52  1.01921734  0.00234042832
  1.02  0.52  1.  0.0293455123

  0.02  0.54  2.  0.000283028898
  0.04  0.54  2.  0.000583810916
  0.06  0.54  2.  0.000637575217
  0.08  0.54  2.  0.000728865664
  0.1  0.54  2.  0.00086015696
  0.12  0.54  2.  0.00103480822
  0.14  0.54  2.  0.00125695543
  0.16  0.54  2.  0.00153136035
  0.18  0.54  2.  0.00186327086
  0.2  0.54  2.  0.00225817329
  0.22  0.54  2.  0.0027215115
  0.24  0.54  2.  0.00325839237
  0.26  0.54  2.  0.00387328962
  0.28  0.54  2.  0.00456966078
  0.3  0.54  2.  0.00534964904
  0.32  0.54  2.  0.00621362369
  0.34  0.54  2.  0.00715994425
  0.36  0.54  2.  0.00818448387
  0.38  0.54  2.  0.00928059973
  0.4  0.54  2.  0.0104387034
  0.42  0.54  2.  0.0116464835
  0.44  0.54  2.00000002  0.0128886642
  0.46  0.54  1.99999996  0.0141474324
  0.48  0.54  2.00000009  0.0154025227
  0.5  0.54  1.99999984  0.0166318281
  0.52  0.54  2.00000023  0.0178118099
  0.54  0.54  1.99999972  0.0189182855
  0.56  0.54  2.00000029  0.0199270348
  0.58  0.54  1.99999975  0.0208147181
  0.6  0.54  2.00000017  0.0215595133
  0.62  0.54  1.99999957  0.0221420384
  0.64  0.54  1.9999963  0.0225458531
  0.66  0.54  1.99994918  0.0227582131
  0.68  0.54  1.99927901  0.0227703093
  0.7  0.54  1.98907981  0.0225777129
  0.72  0.54  1.83785309  0.022180241
  0.74  0.54  1.49723389  0.0215820569
  0.76  0.54  1.35404993  0.0207911359
  0.78  0.54  1.28561338  0.01981904
  0.8  0.54  1.24153811  0.0186801039
  0.82  0.54  1.20783075  0.0173908826
  0.84  0.54  1.17976198  0.015969249
  0.86  0.54  1.15521922  0.0144337629
  0.88  0.54  1.13303895  0.0128028233
  0.9  0.54  1.1124851  0.0110941352
  0.92  0.54  1.09304102  0.00932407877
  0.94  0.54  1.07430897  0.00750733523
  0.96  0.54  1.05595354  0.00565666233
  0.98  0.54  1.03766462  0.00378279855
  1.  0.54  1.01912844  0.00189473408
  1.02  0.54  1.  0.0227742918

  0.02  0.56  2.  0.000227355701
  0.04  0.56  2.  0.000468979599
  0.06  0.56  2.  0.000512178706
  0.08  0.56  2.  0.00058550344
  0.1  0.56  2.  0.000690947861
  0.12  0.56  2.  0.000831221877
  0.14  0.56  2.  0.00100965256
  0.16  0.56  2.  0.00123006954
  0.18  0.56  2.  0.00149665907
  0.2  0.56  2.  0.00181382941
  0.22  0.56  2.  0.00218596927
  0.24  0.56  2.  0.00261720184
  0.26  0.56  2.  0.00311111346
  0.28  0.56  2.  0.00367049451
  0.3  0.56  2.  0.00429702492
  0.32  0.56  2.  0.00499102894
  0.34  0.56  2.  0.00575113309
  0.36  0.56  2.  0.0065741066
  0.38  0.56  2.  0.00745451502
  0.4  0.56  2.  0.00838478866
  0.42  0.56  2.  0.00935489779
  0.44  0.56  1.99999998  0.0103527094
  0.46  0.56  2.00000004  0.0113637825
  0.48  0.56  1.99999991  0.0123719501
  0.5  0.56  2.00000016  0.0133593585
  0.52  0.56  1.99999978  0.01430718
  0.54  0.56  2.00000025  0.0151959231
  0.56  0.56  1.99999975  0.016006198
  0.58  0.56  2.00000019  0.0167191988
  0.6  0.56  1.99999976  0.017317459
  0.62  0.56  1.99999912  0.017785346
  0.64  0.56  1.99998881  0.0181097187
  0.66  0.56  1.9998623  0.0182802744
  0.68  0.56  1.99823992  0.0182900001
  0.7  0.56  1.97695269  0.0181352718
  0.72  0.56  1.71314337  0.0178160212
  0.74  0.56  1.44660696  0.0173355083
  0.76  0.56  1.33570565  0.0167002322
  0.78  0.56  1.27682336  0.0159193845
  0.8  0.56  1.23630411  0.0150045503
  0.82  0.56  1.20434361  0.0139689736
  0.84  0.56  1.17730323  0.0128270752
  0.86  0.56  1.15343152  0.0115937061
  0.88  0.56  1.13171804  0.0102836983
  0.9  0.56  1.11150398  0.00891119151
  0.92  0.56  1.0923164  0.00748940791
  0.94  0.56  1.0737844  0.00603008735
  0.96  0.56  1.05559024  0.00454355556
  0.98  0.56  1.0374363  0.00303839911
  1.  0.56  1.01901844  0.0015218745
  1.02  0.56  1.  0.0175433967

  0.02  0.58  2.  0.000181213591
  0.04  0.58  2.  0.000373799213
  0.06  0.58  2.  0.000408232558
  0.08  0.58  2.  0.000466676381
  0.1  0.58  2.  0.000550704593
  0.12  0.58  2.  0.000662484723
  0.14  0.58  2.  0.000804675362
  0.16  0.58  2.  0.000980332778
  0.18  0.58  2.  0.00119280003
  0.2  0.58  2.  0.00144556451
  0.22  0.58  2.  0.0017421265
  0.24  0.58  2.  0.00208577567
  0.26  0.58  2.  0.002479391
  0.28  0.58  2.  0.00292519323
  0.3  0.58  2.  0.00342453537
  0.32  0.58  2.  0.00397764951
  0.34  0.58  2.  0.00458345731
  0.36  0.58  2.  0.0052393393
  0.38  0.58  2.  0.00594102718
  0.4  0.58  2.  0.00668239814
  0.42  0.58  2.  0.00745558364
  0.44  0.58  2.00000001  0.00825076966
  0.46  0.58  1.99999996  0.00905660776
  0.48  0.58  2.00000008  0.00986004991
  0.5  0.58  1.99999986  0.0106470229
  0.52  0.58  2.00000018  0.0114023774
  0.54  0.58  1.99999978  0.0121107046
  0.56  0.58  2.00000017  0.0127564417
  0.58  0.58  1.99999976  0.0133246977
  0.6  0.58  1.99999954  0.0138014685
  0.62  0.58  1.9999956  0.0141743736
  0.64  0.58  1.99995738  0.0144328672
  0.66  0.58  1.99952094  0.0145688065
  0.68  0.58  1.99417677  0.0145765371
  0.7  0.58  1.93071803  0.0144532305
  0.72  0.58  1.59145682  0.014198769
  0.74  0.58  1.4025497  0.0138158278
  0.76  0.58  1.31793004  0.0133094999
  0.78  0.58  1.26742346  0.0126872108
  0.8  0.58  1.23039933  0.0119580841
  0.82  0.58  1.20029887  0.0111327742
  0.84  0.58  1.17440388  0.0102226783
  0.86  0.58  1.15129988  0.00923974836
  0.88  0.58  1.1301302  0.008195685
  0.9  0.58  1.11031735  0.00710190064
  0.92  0.58  1.09143587  0.00596874942
  0.94  0.58  1.07314466  0.00480577721
  0.96  0.58  1.05514598  0.00362100901
  0.98  0.58  1.03715657  0.00242149627
  1.  0.58  1.01888353  0.00121285653
  1.02  0.58  1.  0.013414173

  0.02  0.6  1.99999999  0.00014331846
  0.04  0.6  1.99999999  0.000295623433
  0.06  0.6  1.99999999  0.000322841888
  0.08  0.6  1.99999999  0.000369056983
  0.1  0.6  1.99999999  0.000435511839
  0.12  0.6  1.99999999  0.000523898887
  0.14  0.6  1.99999999  0.000636323309
  0.16  0.6  1.99999999  0.000775208751
  0.18  0.6  1.99999999  0.000943208008
  0.2  0.6  1.99999999  0.00114308603
  0.22  0.6  1.99999999  0.0013775888
  0.24  0.6  1.99999999  0.001649321
  0.26  0.6  1.99999999  0.00196055085
  0.28  0.6  1.99999999  0.00231305536
  0.3  0.6  1.99999999  0.00270789828
  0.32  0.6  1.99999999  0.0031452812
  0.34  0.6  1.99999999  0.00362433616
  0.36  0.6  1.99999999  0.00414300135
  0.38  0.6  1.99999999  0.00469787461
  0.4  0.6  1.99999999  0.00528415027
  0.42  0.6  1.99999999  0.0058955407
  0.44  0.6  1.99999997  0.00652438034
  0.46  0.6  2.00000002  0.00716156978
  0.48  0.6  1.99999991  0.00779694543
  0.5  0.6  2.00000008  0.00841920656
  0.52  0.6  1.99999979  0.00901655802
  0.54  0.6  2.00000004  0.00957662809
  0.56  0.6  1.99999957  0.0100872926
  0.58  0.6  1.99999912  0.0105366011
  0.6  0.6  1.9999956  0.0109136471
  0.62  0.6  1.99997297  0.0112084826
  0.64  0.6  1.99978382  0.0114129208
  0.66  0.6  1.99794755  0.0115203765
  0.68  0.6  1.97830372  0.011526521
  0.7  0.6  1.77456628  0.011428978
  0.72  0.6  1.49068986  0.0112277897
  0.74  0.6  1.36550971  0.0109249303
  0.76  0.6  1.30080333  0.0105245864
  0.78  0.6  1.25745852  0.0100324541
  0.8  0.6  1.2238222  0.00945594492
  0.82  0.6  1.19566986  0.00880326832
  0.84  0.6  1.17102853  0.0080836554
  0.86  0.6  1.14878844  0.00730633171
  0.88  0.6  1.12824279  0.00648079203
  0.9  0.6  1.10889726  0.0056158187
  0.92  0.6  1.09037655  0.00471985469
  0.94  0.6  1.07237191  0.00380017815
  0.96  0.6  1.05460773  0.00286338581
  0.98  0.6  1.03681694  0.0019148133
  1.  0.6  1.01871951  0.000959098596
  1.02  0.6  1.  0.0101814524

  0.02  0.62  1.9999999  0.000112473767
  0.04  0.62  1.9999999  0.000231991129
  0.06  0.62  1.9999999  0.000253331431
  0.08  0.62  1.9999999  0.000289582885
  0.1  0.62  1.9999999  0.000341728087
  0.12  0.62  1.9999999  0.000411086724
  0.14  0.62  1.9999999  0.000499292262
  0.16  0.62  1.9999999  0.0006082502
  0.18  0.62  1.9999999  0.000740045309
  0.2  0.62  1.9999999  0.000896857821
  0.22  0.62  1.9999999  0.00108084841
  0.24  0.62  1.9999999  0.00129404674
  0.26  0.62  1.9999999  0.0015382368
  0.28  0.62  1.9999999  0.0018147966
  0.3  0.62  1.9999999  0.00212458131
  0.32  0.62  1.99999989  0.00246773444
  0.34  0.62  1.99999989  0.00284359925
  0.36  0.62  1.99999988  0.00325054362
  0.38  0.62  1.99999987  0.00368590966
  0.4  0.62  1.99999986  0.00414591251
  0.42  0.62  1.99999983  0.00462563474
  0.44  0.62  1.99999981  0.00511902678
  0.46  0.62  1.99999971  0.0056190028
  0.48  0.62  1.9999997  0.00611750464
  0.5  0.62  1.99999938  0.0066057783
  0.52  0.62  1.99999923  0.00707442869
  0.54  0.62  1.99999825  0.00751391423
  0.56  0.62  1.9999963  0.00791453827
  0.58  0.62  1.99998881  0.00826712148
  0.6  0.62  1.99995738  0.00856290042
  0.62  0.62  1.99978382  0.00879428299
  0.64  0.62  1.99854758  0.0089546282
  0.66  0.62  1.98810527  0.00903899245
  0.68  0.62  1.89549841  0.00904375347
  0.7  0.62  1.58863624  0.00896727756
  0.72  0.62  1.41662607  0.00880936358
  0.74  0.62  1.33460364  0.00857179604
  0.76  0.62  1.28423613  0.00825761562
  0.78  0.62  1.24696911  0.00787155378
  0.8  0.62  1.21658528  0.00741914684
  0.82  0.62  1.19044133  0.00690713259
  0.84  0.62  1.1671486  0.00634244485
  0.86  0.62  1.14586473  0.0057326244
  0.88  0.62  1.12602439  0.00508482729
  0.9  0.62  1.1072157  0.00440622121
  0.92  0.62  1.08911491  0.00370318771
  0.94  0.62  1.07144744  0.00298165248
  0.96  0.62  1.05396163  0.00224660987
  0.98  0.62  1.0364083  0.00150238396
  1.  0.62  1.01852189  0.000752510125
  1.02  0.62  1.  0.0076712358

  0.02  0.64  1.99999847  8.75847128E-05
  0.04  0.64  1.99999847  0.000180650534
  0.06  0.64  1.99999847  0.000197257637
  0.08  0.64  1.99999847  0.00022546877
  0.1  0.64  1.99999847  0.000266055293
  0.12  0.64  1.99999847  0.000320052786
  0.14  0.64  1.99999847  0.000388729421
  0.16  0.64  1.99999847  0.000473554937
  0.18  0.64  1.99999846  0.000576152466
  0.2  0.64  1.99999846  0.00069821685
  0.22  0.64  1.99999845  0.00084144158
  0.24  0.64  1.99999843  0.00100741118
  0.26  0.64  1.99999842  0.00119751002
  0.28  0.64  1.99999839  0.00141281478
  0.3  0.64  1.99999836  0.0016539746
  0.32  0.64  1.99999831  0.00192111998
  0.34  0.64  1.99999824  0.00221371698
  0.36  0.64  1.99999814  0.0025305245
  0.38  0.64  1.999998  0.00286945053
  0.4  0.64  1.99999778  0.00322756989
  0.42  0.64  1.99999746  0.00360103891
  0.44  0.64  1.99999694  0.00398516021
  0.46  0.64  1.99999612  0.00437440055
  0.48  0.64  1.99999459  0.0047625097
  0.5  0.64  1.999992  0.00514263158
  0.52  0.64  1.9999867  0.0055075114
  0.54  0.64  1.99997606  0.00584963763
  0.56  0.64  1.99994918  0.00616156767
  0.58  0.64  1.9998623  0.00643602614
  0.6  0.64  1.99952094  0.00666633935
  0.62  0.64  1.99794755  0.00684643032
  0.64  0.64  1.98810527  0.00697131156
  0.66  0.64  1.92405861  0.0070369371
  0.68  0.64  1.65739442  0.0070406978
  0.7  0.64  1.46007127  0.00698110111
  0.72  0.64  1.36423467  0.00685822095
  0.74  0.64  1.30815886  0.00667320986
  0.76  0.64  1.26807651  0.00642867298
  0.78  0.64  1.23600134  0.00612805226
  0.8  0.64  1.20871537  0.00577590773
  0.82  0.64  1.18461017  0.00537723092
  0.84  0.64  1.16274374  0.00493767699
  0.86  0.64  1.14250108  0.00446286536
  0.88  0.64  1.12344592  0.00395859614
  0.9  0.64  1.10524547  0.00343024799
  0.92  0.64  1.08762733  0.00288295278
  0.94  0.64  1.07035205  0.00232120858
  0.96  0.64  1.05319324  0.00174898116
  0.98  0.64  1.03592105  0.00116959733
  1.  0.64  1.01828589  0.000585823577
  1.02  0.64  1.  0.00573777206

  0.02  0.66  1.99997467  6.76730721E-05
  0.04  0.66  1.99997467  0.00013958369
  0.06  0.66  1.99997467  0.000152415645
  0.08  0.66  1.99997466  0.000174203496
  0.1  0.66  1.99997464  0.000205542577
  0.12  0.66  1.99997462  0.000247242129
  0.14  0.66  1.99997459  0.000300291605
  0.16  0.66  1.99997455  0.000365824128
  0.18  0.66  1.99997449  0.000445082744
  0.2  0.66  1.9999744  0.000539374065
  0.22  0.66  1.99997427  0.0006500005
  0.24  0.66  1.99997409  0.000778195608
  0.26  0.66  1.99997383  0.000925029595
  0.28  0.66  1.99997347  0.00109133789
  0.3  0.66  1.99997296  0.00127762383
  0.32  0.66  1.99997224  0.00148397828
  0.34  0.66  1.99997124  0.00171000308
  0.36  0.66  1.99996983  0.00195471562
  0.38  0.66  1.99996781  0.00221652988
  0.4  0.66  1.99996486  0.00249315469
  0.42  0.66  1.99996043  0.00278165318
  0.44  0.66  1.99995348  0.00307836949
  0.46  0.66  1.99994182  0.00337905284
  0.48  0.66  1.99992101  0.00367885543
  0.5  0.66  1.99988102  0.00397249903
  0.52  0.66  1.99980094  0.00425435756
  0.54  0.66  1.99963694  0.00451865624
  0.56  0.66  1.99927901  0.00475960703
  0.58  0.66  1.99823992  0.00497164046
  0.6  0.66  1.99417677  0.0051495363
  0.62  0.66  1.97830372  0.0052886783
  0.64  0.66  1.89549841  0.00538512252
  0.66  0.66  1.65739442  0.00543584751
  0.68  0.66  1.47781974  0.00543872077
  0.7  0.66  1.38228226  0.00539271735
  0.72  0.66  1.32530375  0.00529775839
  0.74  0.66  1.2846666  0.00515487674
  0.76  0.66  1.25220689  0.00496593962
  0.78  0.66  1.22461179  0.00473374794
  0.8  0.66  1.20025188  0.00446168554
  0.82  0.66  1.17818529  0.00415374668
  0.84  0.66  1.15780268  0.00381416578
  0.86  0.66  1.13867575  0.00344741668
  0.88  0.66  1.12048174  0.00305785494
  0.9  0.66  1.10296102  0.00264974618
  0.92  0.66  1.08589074  0.00222695989
  0.94  0.66  1.06906646  0.00179304309
  0.96  0.66  1.05228779  0.00135101075
  0.98  0.66  1.03534525  0.000903462437
  1.  0.66  1.01800651  0.000452521698
  1.02  0.66  1.  0.00426044087

  0.02  0.68  1.99956181  5.18840447E-05
  0.04  0.68  1.99956178  0.000107018308
  0.06  0.68  1.99956171  0.000116858928
  0.08  0.68  1.99956157  0.000133560641
  0.1  0.68  1.99956134  0.000157576299
  0.12  0.68  1.99956099  0.000189526812
  0.14  0.68  1.99956048  0.000230177584
  0.16  0.68  1.99955974  0.000280404442
  0.18  0.68  1.99955866  0.000341160015
  0.2  0.68  1.99955711  0.000413439969
  0.22  0.68  1.99955489  0.000498238927
  0.24  0.68  1.99955176  0.00059649532
  0.26  0.68  1.99954736  0.000709035222
  0.28  0.68  1.9995412  0.000836496351
  0.3  0.68  1.99953262  0.000979272835
  0.32  0.68  1.99952073  0.00113743292
  0.34  0.68  1.9995043  0.00131067074
  0.36  0.68  1.9994816  0.00149824034
  0.38  0.68  1.9994501  0.00169890957
  0.4  0.68  1.99940597  0.00191094609
  0.42  0.68  1.99934277  0.00213206716
  0.44  0.68  1.99924845  0.00235950626
  0.46  0.68  1.99909738  0.0025899679
  0.48  0.68  1.99882891  0.00281977289
  0.5  0.68  1.99829221  0.00304484164
  0.52  0.68  1.99711496  0.00326089274
  0.54  0.68  1.99448432  0.00346347072
  0.56  0.68  1.98907981  0.00364816723
  0.58  0.68  1.97695269  0.00381068381
  0.6  0.68  1.93071803  0.00394705071
  0.62  0.68  1.77456628  0.00405369393
  0.64  0.68  1.58863624  0.00412762999
  0.66  0.68  1.46007127  0.00416649945
  0.68  0.68  1.38228226  0.00416871619
  0.7  0.68  1.33161786  0.00413344013
  0.72  0.68  1.29394049  0.0040606704
  0.74  0.68  1.26314517  0.00395113568
  0.76  0.68  1.23656848  0.003806333
  0.78  0.68  1.21286478  0.00362834268
  0.8  0.68  1.19124367  0.00341982184
  0.82  0.68  1.1711863  0.00318377092
  0.84  0.68  1.15232328  0.00292349788
  0.86  0.68  1.13437364  0.00264236888
  0.88  0.68  1.11711044  0.00234379275
  0.9  0.68  1.10033921  0.00203096422
  0.92  0.68  1.08388318  0.00170692802
  0.94  0.68  1.06757174  0.00137432079
  0.96  0.68  1.05123043  0.00103553034
  0.98  0.68  1.03467076  0.000692480121
  1.  0.68  1.01767865  0.000346851936
  1.02  0.68  1.  0.00314057262

  0.02  0.7  1.99243573  3.94745556E-05
  0.04  0.7  1.99243524  8.14204544E-05
  0.06  0.7  1.99243371  8.8904473E-05
  0.08  0.7  1.99243089  0.000101609228
  0.1  0.7  1.99242638  0.000119876162
  0.12  0.7  1.9924195  0.000144174235
  0.14  0.7  1.99240931  0.0001750834
  0.16  0.7  1.9923944  0.000213274363
  0.18  0.7  1.99237283  0.000259477462
  0.2  0.7  1.99234187  0.000314451998
  0.22  0.7  1.99229777  0.000378952491
  0.24  0.7  1.99223538  0.00045368927
  0.26  0.7  1.99214772  0.00053928469
  0.28  0.7  1.99202534  0.000636225879
  0.3  0.7  1.99185553  0.000744808144
  0.32  0.7  1.99162134  0.000865091661
  0.34  0.7  1.99130015  0.000996839179
  0.36  0.7  1.99086202  0.0011394897
  0.38  0.7  1.99026731  0.00129210587
  0.4  0.7  1.98946309  0.00145336533
  0.42  0.7  1.98837563  0.00162154464
  0.44  0.7  1.9868897  0.00179451835
  0.46  0.7  1.9847824  0.00196980808
  0.48  0.7  1.98150116  0.00214458062
  0.5  0.7  1.97539364  0.00231577169
  0.52  0.7  1.96120388  0.00248008368
  0.54  0.7  1.92374028  0.00263416979
  0.56  0.7  1.83785309  0.00277463495
  0.58  0.7  1.71314337  0.0028982516
  0.6  0.7  1.59145682  0.00300195897
  0.62  0.7  1.49068986  0.00308307979
  0.64  0.7  1.41662607  0.00313930348
  0.66  0.7  1.36423467  0.00316887707
  0.68  0.7  1.32530375  0.00317055298
  0.7  0.7  1.29394049  0.00314373476
  0.72  0.7  1.26703161  0.00308837691
  0.74  0.7  1.24304138  0.00300508125
  0.76  0.7  1.2211423  0.0028949365
  0.78  0.7  1.20082611  0.00275957745
  0.8  0.7  1.18174508  0.00260097008
  0.82  0.7  1.16364151  0.00242145121
  0.84  0.7  1.14631195  0.0022234804
  0.86  0.7  1.12958648  0.00200967748
  0.88  0.7  1.11331541  0.00178257161
  0.9  0.7  1.09735989  0.00154466472
  0.92  0.7  1.08158433  0.00129819473
  0.94  0.7  1.06584968  0.00104525015
  0.96  0.7  1.05000656  0.000787562665
  0.98  0.7  1.03388745  0.000526672192
  1.  0.7  1.01729712  0.000263794119
  1.02  0.7  1.  0.00229834687

  0.02  0.72  1.88319854  2.98040747E-05
  0.04  0.72  1.88318929  6.14716929E-05
  0.06  0.72  1.88316013  6.7116718E-05
  0.08  0.72  1.88310663  7.67036974E-05
  0.1  0.72  1.88302082  9.04920908E-05
  0.12  0.72  1.88289022  0.000108832563
  0.14  0.72  1.88269641  0.000132159785
  0.16  0.72  1.88241295  0.000160977048
  0.18  0.72  1.8820025  0.000195838553
  0.2  0.72  1.88141291  0.000237320855
  0.22  0.72  1.88057197  0.000285996369
  0.24  0.72  1.87938031  0.00034240159
  0.26  0.72  1.8777019  0.000407004497
  0.28  0.72  1.87535132  0.00048016937
  0.3  0.72  1.87207687  0.000562118661
  0.32  0.72  1.86753844  0.000652893408
  0.34  0.72  1.86127978  0.000752319816
  0.36  0.72  1.85269731  0.000859968606
  0.38  0.72  1.84101351  0.000975140911
  0.4  0.72  1.82527571  0.00109683336
  0.42  0.72  1.80441895  0.00122374997
  0.44  0.72  1.7774411  0.00135428813
  0.46  0.72  1.74369979  0.00148657072
  0.48  0.72  1.70322113  0.00161847316
  0.5  0.72  1.65679146  0.00174766196
  0.52  0.72  1.60571975  0.00187167517
  0.54  0.72  1.55164477  0.00198795415
  0.56  0.72  1.49723389  0.00209397348
  0.58  0.72  1.44660696  0.0021872564
  0.6  0.72  1.4025497  0.00226553653
  0.62  0.72  1.36550971  0.0023267473
  0.64  0.72  1.33460364  0.00236919231
  0.66  0.72  1.30815886  0.00239149941
  0.68  0.72  1.2846666  0.00239277713
  0.7  0.72  1.26314517  0.00237252506
  0.72  0.72  1.24304138  0.00233076035
  0.74  0.72  1.22403673  0.00226788389
  0.76  0.72  1.20592546  0.00218477311
  0.78  0.72  1.18855741  0.00208260405
  0.8  0.72  1.171812  0.00196292041
  0.82  0.72  1.15558528  0.00182742416
  0.84  0.72  1.13978237  0.00167803213
  0.86  0.72  1.12431245  0.00151666168
  0.88  0.72  1.10908499  0.00134527947
  0.9  0.72  1.09400625  0.0011657185
  0.92  0.72  1.0789759  0.00097972221
  0.94  0.72  1.06388314  0.00078881625
  0.96  0.72  1.04860198  0.000594355017
  0.98  0.72  1.03298529  0.000397459334
  1.  0.72  1.01685676  0.000199078565
  1.02  0.72  1.  0.00166986783

  0.02  0.74  1.49664894  2.23298061E-05
  0.04  0.74  1.49664383  4.60545021E-05
  0.06  0.74  1.49662772  5.02802231E-05
  0.08  0.74  1.49659817  5.74578538E-05
  0.1  0.74  1.4965508  6.77833903E-05
  0.12  0.74  1.49647876  8.15205065E-05
  0.14  0.74  1.49637198  9.89927745E-05
  0.16  0.74  1.49621606  0.000120575268
  0.18  0.74  1.49599085  0.000146679914
  0.2  0.74  1.49566851  0.000177739938
  0.22  0.74  1.49521107  0.000214185129
  0.24  0.74  1.49456748  0.00025642056
  0.26  0.74  1.49366995  0.000304797983
  0.28  0.74  1.49242993  0.000359590456
  0.3  0.74  1.49073384  0.000420963341
  0.32  0.74  1.4884391  0.000488946115
  0.34  0.74  1.48537153  0.000563405742
  0.36  0.74  1.48132554  0.000644022721
  0.38  0.74  1.47606947  0.000730268747
  0.4  0.74  1.46935877  0.000821399042
  0.42  0.74  1.46095975  0.000916436221
  0.44  0.74  1.45068488  0.00101418842
  0.46  0.74  1.43843559  0.00111324439
  0.48  0.74  1.42424267  0.0012120173
  0.5  0.74  1.4082912  0.00130876002
  0.52  0.74  1.39092592  0.00140162431
  0.54  0.74  1.37264319  0.00148870355
  0.56  0.74  1.35404993  0.00156809194
  0.58  0.74  1.33570565  0.00163795377
  0.6  0.74  1.31793004  0.00169656796
  0.62  0.74  1.30080333  0.00174241465
  0.64  0.74  1.28423613  0.00177419205
  0.66  0.74  1.26807651  0.00179090654
  0.68  0.74  1.25220689  0.00179185378
  0.7  0.74  1.23656848  0.00177669729
  0.72  0.74  1.2211423  0.00174541094
  0.74  0.74  1.20592546  0.0016983348
  0.76  0.74  1.19091715  0.00163608538
  0.78  0.74  1.17611217  0.00155958493
  0.8  0.74  1.1614983  0.00146994802
  0.82  0.74  1.14705516  0.00136849046
  0.84  0.74  1.13275361  0.00125660807
  0.86  0.74  1.11855535  0.00113577216
  0.88  0.74  1.10441215  0.00100742481
  0.9  0.74  1.09026487  0.000872962449
  0.92  0.74  1.07604176  0.00073367391
  0.94  0.74  1.06165616  0.000590712376
  0.96  0.74  1.04700308  0.00044508744
  0.98  0.74  1.03195445  0.00029763981
  1.  0.74  1.01635243  0.000149081258
  1.02  0.74  1.  0.00120451863

  0.02  0.76  1.33743599  1.66002994E-05
  0.04  0.76  1.33743439  3.42375163E-05
  0.06  0.76  1.33742934  3.73782247E-05
  0.08  0.76  1.33742008  4.27118952E-05
  0.1  0.76  1.33740523  5.03841793E-05
  0.12  0.76  1.33738264  6.0592275E-05
  0.14  0.76  1.33734915  7.35777867E-05
  0.16  0.76  1.33730023  8.9618608E-05
  0.18  0.76  1.33722956  0.000109019716
  0.2  0.76  1.33712836  0.000132100151
  0.22  0.76  1.33698469  0.000159179938
  0.24  0.76  1.33678241  0.000190559644
  0.26  0.76  1.33650008  0.000226503703
  0.28  0.76  1.3361096  0.000267215681
  0.3  0.76  1.33557473  0.000312820029
  0.32  0.76  1.33484965  0.000363338373
  0.34  0.76  1.33387776  0.000418671331
  0.36  0.76  1.33259104  0.000478580209
  0.38  0.76  1.33091052  0.000542672511
  0.4  0.76  1.32874837  0.000610391869
  0.42  0.76  1.32601214  0.000681015321
  0.44  0.76  1.32261151  0.00075365186
  0.46  0.76  1.31846707  0.000827259628
  0.48  0.76  1.31352001  0.00090065248
  0.5  0.76  1.30774082  0.000972539975
  0.52  0.76  1.30113435  0.00104154234
  0.54  0.76  1.29373846  0.00110624823
  0.56  0.76  1.28561338  0.00116523829
  0.58  0.76  1.27682336  0.00121714947
  0.6  0.76  1.26742346  0.00126070435
  0.62  0.76  1.25745852  0.0012947694
  0.64  0.76  1.24696911  0.00131838399
  0.66  0.76  1.23600134  0.00133080087
  0.68  0.76  1.22461179  0.00133150719
  0.7  0.76  1.21286478  0.00132024078
  0.72  0.76  1.20082611  0.00129699493
  0.74  0.76  1.18855741  0.00126200983
  0.76  0.76  1.17611217  0.00121575569
  0.78  0.76  1.1635335  0.00115890655
  0.8  0.76  1.15085276  0.00109230121
  0.82  0.76  1.13808889  0.00101690834
  0.84  0.76  1.125248  0.00093377281
  0.86  0.76  1.11232313  0.000843982472
  0.88  0.76  1.0992938  0.000748610647
  0.9  0.76  1.08612537  0.00064869651
  0.92  0.76  1.07276783  0.000545191263
  0.94  0.76  1.059154  0.000438961496
  0.96  0.76  1.0451968  0.000330744895
  0.98  0.76  1.03078531  0.000221179417
  1.  0.76  1.01577906  0.000110782649
  1.02  0.76  1.  0.000862604296

  0.02  0.78  1.2666823  1.22447747E-05
  0.04  0.78  1.26668166  2.52547635E-05
  0.06  0.78  1.26667964  2.75721424E-05
  0.08  0.78  1.26667594  3.15065444E-05
  0.1  0.78  1.26667  3.71646396E-05
  0.12  0.78  1.26666096  4.46918179E-05
  0.14  0.78  1.26664756  5.42671431E-05
  0.16  0.78  1.26662797  6.60963052E-05
  0.18  0.78  1.26659965  8.04039048E-05
  0.2  0.78  1.26655906  9.74247456E-05
  0.22  0.78  1.26650136  0.000117392848
  0.24  0.78  1.26642001  0.000140530274
  0.26  0.78  1.26630622  0.00016703063
  0.28  0.78  1.26614842  0.000197046232
  0.3  0.78  1.26593147  0.00023066831
  0.32  0.78  1.26563598  0.000267915088
  0.34  0.78  1.26523742  0.000308712901
  0.36  0.78  1.26470542  0.000352886522
  0.38  0.78  1.26400322  0.000400145935
  0.4  0.78  1.26308741  0.000450080856
  0.42  0.78  1.26190825  0.000502156877
  0.44  0.78  1.26041064  0.000555718087
  0.46  0.78  1.25853592  0.000609993315
  0.48  0.78  1.25622432  0.000664111631
  0.5  0.78  1.25341791  0.00071711654
  0.52  0.78  1.25006366  0.000767996842
  0.54  0.78  1.2461159  0.000815705232
  0.56  0.78  1.24153811  0.000859202498
  0.58  0.78  1.23630411  0.000897476322
  0.6  0.78  1.23039933  0.000929592187
  0.62  0.78  1.2238222  0.000954707321
  0.64  0.78  1.21658528  0.000972120023
  0.66  0.78  1.20871537  0.000981273375
  0.68  0.78  1.20025188  0.000981794903
  0.7  0.78  1.19124367  0.00097348582
  0.72  0.78  1.18174508  0.00095634657
  0.74  0.78  1.171812  0.00093054839
  0.76  0.78  1.1614983  0.000896444711
  0.78  0.78  1.15085276  0.000854524748
  0.8  0.78  1.13991663  0.000805415783
  0.82  0.78  1.12872166  0.000749822555
  0.84  0.78  1.11728865  0.000688525619
  0.86  0.78  1.1056262  0.000622316907
  0.88  0.78  1.09372961  0.000551997895
  0.9  0.78  1.08157977  0.000478324568
  0.92  0.78  1.06914171  0.000402007805
  0.94  0.78  1.05636287  0.000323676758
  0.96  0.78  1.04317052  0.000243884061
  0.98  0.78  1.02946834  0.000163092197
  1.  0.78  1.01513155  8.16892637E-05
  1.02  0.78  1.  0.00061330109

  0.02  0.8  1.22292141  8.96122787E-06
  0.04  0.8  1.22292107  1.84827554E-05
  0.06  0.8  1.22292  2.01795042E-05
  0.08  0.8  1.22291804  2.30599228E-05
  0.1  0.8  1.22291489  2.72015317E-05
  0.12  0.8  1.2229101  3.2710172E-05
  0.14  0.8  1.22290298  3.97165479E-05
  0.16  0.8  1.22289259  4.83714807E-05
  0.18  0.8  1.22287755  5.88398021E-05
  0.2  0.8  1.22285597  7.12935885E-05
  0.22  0.8  1.22282528  8.59042213E-05
  0.24  0.8  1.22278194  0.000102833084
  0.26  0.8  1.22272124  0.000122222002
  0.28  0.8  1.22263688  0.00014418076
  0.3  0.8  1.2225206  0.000168777614
  0.32  0.8  1.22236167  0.000196024575
  0.34  0.8  1.22214634  0.000225870103
  0.36  0.8  1.2218573  0.000258184918
  0.38  0.8  1.22147301  0.000292758664
  0.4  0.8  1.22096727  0.000329290278
  0.42  0.8  1.22030876  0.000367389647
  0.44  0.8  1.21946097  0.000406575979
  0.46  0.8  1.21838228  0.000446285697
  0.48  0.8  1.21702666  0.000485880118
  0.5  0.8  1.21534466  0.000524661043
  0.52  0.8  1.21328503  0.000561886033
  0.54  0.8  1.21079663  0.000596792151
  0.56  0.8  1.20783075  0.000628614915
  0.58  0.8  1.20434361  0.000656618639
  0.6  0.8  1.20029887  0.000680113933
  0.62  0.8  1.19566986  0.000698490604
  0.64  0.8  1.19044133  0.000711228294
  0.66  0.8  1.18461017  0.00071792706
  0.68  0.8  1.17818529  0.000718306596
  0.7  0.8  1.1711863  0.000712229751
  0.72  0.8  1.16364151  0.000699688147
  0.74  0.8  1.15558528  0.000680816128
  0.76  0.8  1.14705516  0.000655862572
  0.78  0.8  1.13808889  0.000625195677
  0.8  0.8  1.12872166  0.000589263419
  0.82  0.8  1.1189835  0.000548592627
  0.84  0.8  1.10889702  0.000503743276
  0.86  0.8  1.09847539  0.000455305336
  0.88  0.8  1.08772053  0.00040385599
  0.9  0.8  1.07662134  0.000349956037
  0.92  0.8  1.0651519  0.000294119779
  0.94  0.8  1.05326939  0.000236811375
  0.96  0.8  1.04091164  0.000178432706
  0.98  0.8  1.0279939  0.00011932318
  1.  0.8  1.01440469  5.97663806E-05
  1.02  0.8  1.  0.000432899972

  0.02  0.82  1.18984067  6.50595605E-06
  0.04  0.82  1.18984046  1.34188496E-05
  0.06  0.82  1.18983979  1.4651247E-05
  0.08  0.82  1.18983857  1.67434715E-05
  0.1  0.82  1.1898366  1.9751714E-05
  0.12  0.82  1.1898336  2.37523282E-05
  0.14  0.82  1.18982915  2.88395972E-05
  0.16  0.82  1.18982265  3.51226347E-05
  0.18  0.82  1.18981323  4.27212994E-05
  0.2  0.82  1.18979972  5.17609421E-05
  0.22  0.82  1.18978049  6.2366394E-05
  0.24  0.82  1.18975333  7.46549825E-05
  0.26  0.82  1.18971523  8.87291078E-05
  0.28  0.82  1.18966223  0.000104668589
  0.3  0.82  1.18958907  0.000122521715
  0.32  0.82  1.18948888  0.000142298205
  0.34  0.82  1.18935282  0.000163959096
  0.36  0.82  1.18916963  0.000187412539
  0.38  0.82  1.18892515  0.000212504229
  0.4  0.82  1.1886019  0.000239017919
  0.42  0.82  1.18817859  0.000266668905
  0.44  0.82  1.1876298  0.000295110068
  0.46  0.82  1.18692578  0.000323930945
  0.48  0.82  1.18603246  0.000352669304
  0.5  0.82  1.18491178  0.000380816964
  0.52  0.82  1.18352235  0.000407836348
  0.54  0.82  1.18182055  0.000433172021
  0.56  0.82  1.17976198  0.000456270935
  0.58  0.82  1.17730323  0.000476596766
  0.6  0.82  1.17440388  0.000493651777
  0.62  0.82  1.17102853  0.000506989834
  0.64  0.82  1.1671486  0.000516236887
  0.66  0.82  1.16274374  0.000521098402
  0.68  0.82  1.15780268  0.000521375553
  0.7  0.82  1.15232328  0.000516963795
  0.72  0.82  1.14631195  0.00050786239
  0.74  0.82  1.13978237  0.000494163192
  0.76  0.82  1.13275361  0.000476052683
  0.78  0.82  1.125248  0.000453791942
  0.8  0.82  1.11728865  0.000427712487
  0.82  0.82  1.10889702  0.000398190073
  0.84  0.82  1.10009042  0.000365637783
  0.86  0.82  1.09087968  0.000330477508
  0.88  0.82  1.08126691  0.000293134091
  0.9  0.82  1.07124325  0.000254009843
  0.92  0.82  1.06078671  0.000213481899
  0.94  0.82  1.04985979  0.000171884786
  0.96  0.82  1.03840697  0.000129511527
  0.98  0.82  1.02635171  8.66080206E-05
  1.  0.82  1.01359287  4.33799493E-05
  1.02  0.82  1.  0.000303330118

  0.02  0.84  1.16231023  4.68437894E-06
  0.04  0.84  1.16231009  9.66191332E-06
  0.06  0.84  1.16230964  1.05497167E-05
  0.08  0.84  1.1623088  1.20569753E-05
  0.1  0.84  1.16230747  1.42240957E-05
  0.12  0.84  1.16230544  1.71058809E-05
  0.14  0.84  1.16230243  2.07699126E-05
  0.16  0.84  1.16229803  2.52944669E-05
  0.18  0.84  1.16229165  3.07656876E-05
  0.2  0.84  1.1622825  3.72738893E-05
  0.22  0.84  1.16226947  4.49090524E-05
  0.24  0.84  1.16225105  5.37558609E-05
  0.26  0.84  1.16222521  6.38881666E-05
  0.28  0.84  1.16218923  7.53633369E-05
  0.3  0.84  1.16213951  8.82162836E-05
  0.32  0.84  1.16207136  0.000102453278
  0.34  0.84  1.16197868  0.00011804688
  0.36  0.84  1.16185368  0.000134929703
  0.38  0.84  1.1616865  0.000152992128
  0.4  0.84  1.16146488  0.000172076806
  0.42  0.84  1.16117372  0.000191980897
  0.44  0.84  1.1607948  0.000212452595
  0.46  0.84  1.16030643  0.000233198726
  0.48  0.84  1.15968334  0.00025388455
  0.5  0.84  1.15889667  0.0002741464
  0.52  0.84  1.15791416  0.000293595295
  0.54  0.84  1.15670073  0.000311833383
  0.56  0.84  1.15521922  0.000328460566
  0.58  0.84  1.15343152  0.000343092754
  0.6  0.84  1.15129988  0.000355369519
  0.62  0.84  1.14878844  0.000364971852
  0.64  0.84  1.14586473  0.00037162807
  0.66  0.84  1.14250108  0.000375128651
  0.68  0.84  1.13867575  0.000375327623
  0.7  0.84  1.13437364  0.000372152695
  0.72  0.84  1.12958648  0.000365600174
  0.74  0.84  1.12431245  0.000355739488
  0.76  0.84  1.11855535  0.000342701443
  0.78  0.84  1.11232313  0.000326677508
  0.8  0.84  1.1056262  0.000307902623
  0.82  0.84  1.09847539  0.000286651147
  0.84  0.84  1.09087968  0.000263216293
  0.86  0.84  1.08284394  0.000237906109
  0.88  0.84  1.0743665  0.000211021947
  0.9  0.84  1.06543678  0.000182857965
  0.92  0.84  1.0560328  0.000153681396
  0.94  0.84  1.04611863  0.000123737053
  0.96  0.84  1.03564175  9.32325234E-05
  0.98  0.84  1.02453025  6.23475378E-05
  1.  0.84  1.01268978  3.12282094E-05
  1.02  0.84  1.  0.000210941761

  0.02  0.86  1.13816135  3.34284007E-06
  0.04  0.86  1.13816124  6.89502325E-06
  0.06  0.86  1.13816093  7.52898728E-06
  0.08  0.86  1.13816034  8.60514847E-06
  0.1  0.86  1.13815941  1.01522736E-05
  0.12  0.86  1.13815798  1.22094545E-05
  0.14  0.86  1.13815586  1.48249695E-05
  0.16  0.86  1.13815276  1.80546613E-05
  0.18  0.86  1.13814828  2.19598737E-05
  0.2  0.86  1.13814183  2.66048469E-05
  0.22  0.86  1.13813266  3.20536399E-05
  0.24  0.86  1.13811968  3.83666248E-05
  0.26  0.86  1.13810147  4.5596621E-05
  0.28  0.86  1.13807609  5.37846486E-05
  0.3  0.86  1.13804102  6.29556873E-05
  0.32  0.86  1.13799289  7.31143071E-05
  0.34  0.86  1.13792739  8.4240649E-05
  0.36  0.86  1.13783894  9.62869826E-05
  0.38  0.86  1.13772047  0.000109174322
  0.4  0.86  1.13756315  0.000122791316
  0.42  0.86  1.13735604  0.000136991935
  0.44  0.86  1.13708581  0.000151598103
  0.46  0.86  1.13673646  0.000166398881
  0.48  0.86  1.13628911  0.000181157546
  0.5  0.86  1.1357219  0.00019561252
  0.52  0.86  1.13500997  0.000209488657
  0.54  0.86  1.13412566  0.000222499744
  0.56  0.86  1.13303895  0.000234362821
  0.58  0.86  1.13171804  0.000244801371
  0.6  0.86  1.1301302  0.000253560808
  0.62  0.86  1.12824279  0.000260410923
  0.64  0.86  1.12602439  0.000265160507
  0.66  0.86  1.12344592  0.000267657306
  0.68  0.86  1.12048174  0.000267799961
  0.7  0.86  1.11711044  0.000265533896
  0.72  0.86  1.11331541  0.000260859535
  0.74  0.86  1.10908499  0.000253823222
  0.76  0.86  1.10441215  0.00024452158
  0.78  0.86  1.0992938  0.000233087836
  0.8  0.86  1.09372961  0.000219693101
  0.82  0.86  1.08772053  0.000204529485
  0.84  0.86  1.08126691  0.000187809975
  0.86  0.86  1.0743665  0.000169750265
  0.88  0.86  1.06701212  0.000150569624
  0.9  0.86  1.05918923  0.000130473363
  0.92  0.86  1.05087332  0.000109656745
  0.94  0.86  1.04202722  8.82898614E-05
  0.96  0.86  1.03259827  6.6525064E-05
  0.98  0.86  1.02251567  4.4486947E-05
  1.  0.86  1.01168781  2.22826583E-05
  1.02  0.86  1.  0.000145514032

  0.02  0.88  1.11622703  2.36106847E-06
  0.04  0.88  1.11622695  4.87004144E-06
  0.06  0.88  1.11622673  5.31789899E-06
  0.08  0.88  1.11622631  6.07807775E-06
  0.1  0.88  1.11622564  7.17086346E-06
  0.12  0.88  1.11622462  8.62395812E-06
  0.14  0.88  1.1162231  1.04715631E-05
  0.16  0.88  1.11622088  1.27532001E-05
  0.18  0.88  1.11621767  1.55121245E-05
  0.2  0.88  1.11621305  1.8793554E-05
  0.22  0.88  1.11620647  2.26425516E-05
  0.24  0.88  1.11619717  2.71016267E-05
  0.26  0.88  1.1161841  3.22080065E-05
  0.28  0.88  1.1161659  3.79906713E-05
  0.3  0.88  1.11614072  4.44672667E-05
  0.32  0.88  1.11610615  5.16411068E-05
  0.34  0.88  1.11605906  5.94982217E-05
  0.36  0.88  1.11599542  6.80048732E-05
  0.38  0.88  1.1159101  7.71054454E-05
  0.4  0.88  1.11579665  8.67209638E-05
  0.42  0.88  1.11564706  9.67487912E-05
  0.44  0.88  1.11545151  0.000107062416
  0.46  0.88  1.11519816  0.000117513858
  0.48  0.88  1.11487288  0.000127934729
  0.5  0.88  1.11445915  0.000138141832
  0.52  0.88  1.11393797  0.000147939204
  0.54  0.88  1.11328786  0.000157126708
  0.56  0.88  1.1124851  0.000165502462
  0.58  0.88  1.11150398  0.000172873524
  0.6  0.88  1.11031735  0.000179057742
  0.62  0.88  1.10889726  0.000183895132
  0.64  0.88  1.1072157  0.000187248031
  0.66  0.88  1.10524547  0.000189011684
  0.68  0.88  1.10296102  0.000189111633
  0.7  0.88  1.10033921  0.000187512284
  0.72  0.88  1.09735989  0.000184210804
  0.74  0.88  1.09400625  0.0001792431
  0.76  0.88  1.09026487  0.000172674087
  0.78  0.88  1.08612537  0.00016460121
  0.8  0.88  1.08157977  0.000155141869
  0.82  0.88  1.07662134  0.000144435162
  0.84  0.88  1.07124325  0.000132628001
  0.86  0.88  1.06543678  0.000119876144
  0.88  0.88  1.05918923  0.000106330882
  0.9  0.88  1.05248154  9.21406274E-05
  0.92  0.88  1.0452856  7.74397595E-05
  0.94  0.88  1.0375614  6.23516369E-05
  0.96  0.88  1.02925392  4.698078E-05
  0.98  0.88  1.02029024  3.14177962E-05
  1.  0.88  1.01057717  1.57364061E-05
  1.02  0.88  1.  9.94546179E-05

  0.02  0.9  1.09576999  1.64540342E-06
  0.04  0.9  1.09576993  3.39376021E-06
  0.06  0.9  1.09576977  3.70554003E-06
  0.08  0.9  1.09576947  4.23483773E-06
  0.1  0.9  1.09576899  4.99591159E-06
  0.12  0.9  1.09576826  6.00815407E-06
  0.14  0.9  1.09576717  7.29547924E-06
  0.16  0.9  1.09576557  8.88541315E-06
  0.18  0.9  1.09576326  1.08080834E-05
  0.2  0.9  1.09575995  1.3094919E-05
  0.22  0.9  1.09575522  1.57772538E-05
  0.24  0.9  1.09574853  1.88845977E-05
  0.26  0.9  1.09573914  2.24427829E-05
  0.28  0.9  1.09572604  2.64719069E-05
  0.3  0.9  1.09570792  3.09842234E-05
  0.32  0.9  1.09568303  3.59820211E-05
  0.34  0.9  1.09564911  4.14556142E-05
  0.36  0.9  1.09560324  4.73815075E-05
  0.38  0.9  1.09554169  5.37209958E-05
  0.4  0.9  1.09545976  6.04191157E-05
  0.42  0.9  1.0953516  6.74042882E-05
  0.44  0.9  1.09521002  7.45885859E-05
  0.46  0.9  1.09502627  8.18686066E-05
  0.48  0.9  1.09478989  8.91275281E-05
  0.5  0.9  1.09448852  9.62370971E-05
  0.52  0.9  1.09410782  0.000103061657
  0.54  0.9  1.09363144  0.0001094608
  0.56  0.9  1.09304102  0.000115295133
  0.58  0.9  1.0923164  0.000120428894
  0.6  0.9  1.09143587  0.000124736787
  0.62  0.9  1.09037655  0.000128105685
  0.64  0.9  1.08911491  0.000130441576
  0.66  0.9  1.08762733  0.000131669519
  0.68  0.9  1.08589074  0.000131739737
  0.7  0.9  1.08388318  0.000130625227
  0.72  0.9  1.08158433  0.000128326262
  0.74  0.9  1.0789759  0.000124865452
  0.76  0.9  1.07604176  0.000120290405
  0.78  0.9  1.07276783  0.00011466651
  0.8  0.9  1.06914171  0.000108077984
  0.82  0.9  1.0651519  0.000100619288
  0.84  0.9  1.06078671  9.239508E-05
  0.86  0.9  1.0560328  8.35116344E-05
  0.88  0.9  1.05087332  7.40763742E-05
  0.9  0.9  1.0452856  6.41907694E-05
  0.92  0.9  1.03923842  5.39500862E-05
  0.94  0.9  1.0326888  4.34387243E-05
  0.96  0.9  1.02557845  3.27307485E-05
  0.98  0.9  1.01783007  2.188825E-05
  1.  0.9  1.00934451  1.09634109E-05
  1.02  0.9  1.  6.71604409E-05

  0.02  0.92  1.07626562  1.12304E-06
  0.04  0.92  1.07626558  2.31616759E-06
  0.06  0.92  1.07626547  2.52847282E-06
  0.08  0.92  1.07626526  2.88905393E-06
  0.1  0.92  1.07626491  3.4077758E-06
  0.12  0.92  1.07626439  4.09797756E-06
  0.14  0.92  1.07626362  4.97600136E-06
  0.16  0.92  1.07626249  6.06064623E-06
  0.18  0.92  1.07626086  7.37243982E-06
  0.2  0.92  1.07625851  8.93284088E-06
  0.22  0.92  1.07625515  1.07631762E-05
  0.24  0.92  1.07625041  1.2883545E-05
  0.26  0.92  1.07624375  1.53114752E-05
  0.28  0.92  1.07623446  1.80606118E-05
  0.3  0.92  1.0762216  2.1139239E-05
  0.32  0.92  1.07620394  2.45488739E-05
  0.34  0.92  1.07617985  2.82828681E-05
  0.36  0.92  1.07614725  3.23251929E-05
  0.38  0.92  1.07610348  3.66494321E-05
  0.4  0.92  1.07604518  4.12181307E-05
  0.42  0.92  1.07596815  4.59824738E-05
  0.44  0.92  1.0758672  5.08825083E-05
  0.46  0.92  1.07573601  5.58477679E-05
  0.48  0.92  1.07556698  6.07985016E-05
  0.5  0.92  1.0753511  6.56474064E-05
  0.52  0.92  1.07507782  7.03017297E-05
  0.54  0.92  1.07473502  7.46660628E-05
  0.56  0.92  1.07430897  7.86449085E-05
  0.58  0.92  1.0737844  8.21462449E-05
  0.6  0.92  1.07314466  8.5083968E-05
  0.62  0.92  1.07237191  8.73817143E-05
  0.64  0.92  1.07144744  8.89745096E-05
  0.66  0.92  1.07035205  8.98122215E-05
  0.68  0.92  1.06906646  8.98598669E-05
  0.7  0.92  1.06757174  8.91001242E-05
  0.72  0.92  1.06584968  8.75320126E-05
  0.74  0.92  1.06388314  8.51721027E-05
  0.76  0.92  1.06165616  8.205162E-05
  0.78  0.92  1.059154  7.82163278E-05
  0.8  0.92  1.05636287  7.37224446E-05
  0.82  0.92  1.05326939  6.86355055E-05
  0.84  0.92  1.04985979  6.30258182E-05
  0.86  0.92  1.04611863  5.69667987E-05
  0.88  0.92  1.04202722  5.05309073E-05
  0.9  0.92  1.0375614  4.37879893E-05
  0.92  0.92  1.0326888  3.68025274E-05
  0.94  0.92  1.0273652  2.96324142E-05
  0.96  0.92  1.02153009  2.23279468E-05
  0.98  0.92  1.01510141  1.49316118E-05
  1.  0.92  1.00797054  7.47898303E-06
  1.02  0.92  1.  4.45130468E-05

  0.02  0.94  1.057299  7.37438593E-07
  0.04  0.94  1.05729898  1.52077317E-06
  0.06  0.94  1.0572989  1.65982512E-06
  0.08  0.94  1.05729875  1.89606738E-06
  0.1  0.94  1.05729852  2.23604565E-06
  0.12  0.94  1.05729817  2.68857395E-06
  0.14  0.94  1.05729764  3.26443399E-06
  0.16  0.94  1.05729687  3.97599612E-06
  0.18  0.94  1.05729576  4.83677752E-06
  0.2  0.94  1.05729415  5.86085606E-06
  0.22  0.94  1.05729187  7.06223956E-06
  0.24  0.94  1.05728864  8.4540618E-06
  0.26  0.94  1.05728409  1.00478104E-05
  0.28  0.94  1.05727776  1.18523646E-05
  0.3  0.94  1.05726898  1.38731296E-05
  0.32  0.94  1.05725693  1.6111026E-05
  0.34  0.94  1.05724048  1.8561655E-05
  0.36  0.94  1.05721821  2.12144498E-05
  0.38  0.94  1.0571883  2.40520667E-05
  0.4  0.94  1.05714844  2.70499116E-05
  0.42  0.94  1.05709573  3.01759762E-05
  0.44  0.94  1.0570266  3.33909236E-05
  0.46  0.94  1.05693668  3.66485564E-05
  0.48  0.94  1.05682069  3.98965658E-05
  0.5  0.94  1.05667234  4.30776894E-05
  0.52  0.94  1.05648426  4.61311175E-05
  0.54  0.94  1.05624791  4.89942175E-05
  0.56  0.94  1.05595354  5.16044389E-05
  0.58  0.94  1.05559024  5.39012985E-05
  0.6  0.94  1.05514598  5.58284896E-05
  0.62  0.94  1.05460773  5.73357138E-05
  0.64  0.94  1.05396163  5.8380614E-05
  0.66  0.94  1.05319324  5.89300203E-05
  0.68  0.94  1.05228779  5.8961318E-05
  0.7  0.94  1.05123043  5.84627996E-05
  0.72  0.94  1.05000656  5.74341776E-05
  0.74  0.94  1.04860198  5.5885943E-05
  0.76  0.94  1.04700308  5.38389126E-05
  0.78  0.94  1.0451968  5.13227293E-05
  0.8  0.94  1.04317052  4.83745656E-05
  0.82  0.94  1.04091164  4.50370852E-05
  0.84  0.94  1.03840697  4.13566494E-05
  0.86  0.94  1.03564175  3.73811949E-05
  0.88  0.94  1.03259827  3.31584063E-05
  0.9  0.94  1.02925392  2.87340141E-05
  0.92  0.94  1.02557845  2.41503495E-05
  0.94  0.94  1.02153009  1.94454262E-05
  0.96  0.94  1.01705004  1.46521785E-05
  0.98  0.94  1.01205471  9.79858892E-06
  1.  0.94  1.00642561  4.90794504E-06
  1.02  0.94  1.  2.84821946E-05

  0.02  0.96  1.038506  4.44417103E-07
  0.04  0.96  1.03850599  9.16446717E-07
  0.06  0.96  1.03850594  1.00010116E-06
  0.08  0.96  1.03850585  1.14222082E-06
  0.1  0.96  1.0385057  1.34675005E-06
  0.12  0.96  1.03850548  1.61902165E-06
  0.14  0.96  1.03850516  1.96557271E-06
  0.16  0.96  1.03850468  2.39391029E-06
  0.18  0.96  1.03850398  2.91221349E-06
  0.2  0.96  1.03850299  3.52899282E-06
  0.22  0.96  1.03850157  4.25267514E-06
  0.24  0.96  1.03849956  5.09117894E-06
  0.26  0.96  1.03849673  6.05138189E-06
  0.28  0.96  1.03849279  7.1386286E-06
  0.3  0.96  1.03848734  8.35610887E-06
  0.32  0.96  1.03847984  9.7043634E-06
  0.34  0.96  1.0384696  1.1180678E-05
  0.36  0.96  1.03845575  1.27786808E-05
  0.38  0.96  1.03843713  1.44878858E-05
  0.4  0.96  1.0384123  1.62934853E-05
  0.42  0.96  1.03837945  1.81761872E-05
  0.44  0.96  1.03833635  2.01123177E-05
  0.46  0.96  1.03828024  2.20740577E-05
  0.48  0.96  1.03820781  2.40299307E-05
  0.5  0.96  1.03811508  2.59454636E-05
  0.52  0.96  1.0379974  2.77840577E-05
  0.54  0.96  1.03784932  2.95080088E-05
  0.56  0.96  1.03766462  3.10796573E-05
  0.58  0.96  1.0374363  3.24626026E-05
  0.6  0.96  1.03715657  3.36229305E-05
  0.62  0.96  1.03681694  3.45303894E-05
  0.64  0.96  1.0364083  3.51594474E-05
  0.66  0.96  1.03592105  3.5490184E-05
  0.68  0.96  1.03534525  3.55089414E-05
  0.7  0.96  1.03467076  3.52087278E-05
  0.72  0.96  1.03388745  3.45893226E-05
  0.74  0.96  1.03298529  3.36570817E-05
  0.76  0.96  1.03195445  3.24244951E-05
  0.78  0.96  1.03078531  3.09094133E-05
  0.8  0.96  1.02946834  2.91341883E-05
  0.82  0.96  1.0279939  2.7124482E-05
  0.84  0.96  1.02635171  2.49082003E-05
  0.86  0.96  1.02453025  2.25141729E-05
  0.88  0.96  1.02251567  1.99711242E-05
  0.9  0.96  1.02029024  1.73065601E-05
  0.92  0.96  1.01783007  1.45459973E-05
  0.94  0.96  1.01510141  1.17122998E-05
  0.96  0.96  1.01205471  8.82533614E-06
  0.98  0.96  1.0086143  5.90194298E-06
  1.  0.96  1.0046604  2.95619465E-06
  1.02  0.96  1.  1.68145123E-05

  0.02  0.98  1.0195326  2.08568824E-07
  0.04  0.98  1.01953259  4.30089387E-07
  0.06  0.98  1.01953257  4.69321613E-07
  0.08  0.98  1.01953253  5.35956016E-07
  0.1  0.98  1.01953246  6.31832645E-07
  0.12  0.98  1.01953235  7.59456247E-07
  0.14  0.98  1.0195322  9.21911726E-07
  0.16  0.98  1.01953197  1.12274473E-06
  0.18  0.98  1.01953164  1.36581479E-06
  0.2  0.98  1.01953116  1.65512531E-06
  0.22  0.98  1.01953048  1.99464049E-06
  0.24  0.98  1.01952952  2.38806852E-06
  0.26  0.98  1.01952817  2.83864137E-06
  0.28  0.98  1.01952628  3.34884038E-06
  0.3  0.98  1.01952367  3.92016314E-06
  0.32  0.98  1.01952008  4.55282517E-06
  0.34  0.98  1.01951518  5.24555888E-06
  0.36  0.98  1.01950854  5.99534065E-06
  0.38  0.98  1.01949962  6.7972623E-06
  0.4  0.98  1.01948772  7.64435463E-06
  0.42  0.98  1.01947197  8.52757935E-06
  0.44  0.98  1.0194513  9.43582208E-06
  0.46  0.98  1.01942439  1.03560427E-05
  0.48  0.98  1.01938962  1.12734786E-05
  0.5  0.98  1.0193451  1.21719661E-05
  0.52  0.98  1.01928855  1.30343464E-05
  0.54  0.98  1.01921734  1.38429359E-05
  0.56  0.98  1.01912844  1.45800782E-05
  0.58  0.98  1.01901844  1.52286986E-05
  0.6  0.98  1.01888353  1.57728971E-05
  0.62  0.98  1.01871951  1.61984841E-05
  0.64  0.98  1.01852189  1.64934906E-05
  0.66  0.98  1.01828589  1.66485744E-05
  0.68  0.98  1.01800651  1.66573342E-05
  0.7  0.98  1.01767865  1.65164942E-05
  0.72  0.98  1.01729712  1.62259493E-05
  0.74  0.98  1.01685676  1.5788688E-05
  0.76  0.98  1.01635243  1.52105525E-05
  0.78  0.98  1.01577906  1.44999291E-05
  0.8  0.98  1.01513155  1.36672678E-05
  0.82  0.98  1.01440469  1.27246248E-05
  0.84  0.98  1.01359287  1.16850495E-05
  0.86  0.98  1.01268978  1.05620827E-05
  0.88  0.98  1.01168781  9.36917143E-06
  0.9  0.98  1.01057717  8.11922372E-06
  0.92  0.98  1.00934451  6.82420686E-06
  0.94  0.98  1.00797054  5.49483639E-06
  0.96  0.98  1.00642561  4.14045107E-06
  0.98  0.98  1.0046604  2.76893778E-06
  1.  0.98  1.00258356  1.38692587E-06
  1.02  0.98  1.  7.7859989E-06

  0.02  1.  1.  8.54254943E-07
  0.04  1.  1.  1.7700244E-06
  0.06  1.  1.  1.9568188E-06
  0.08  1.  1.  2.2756097E-06
  0.1  1.  1.  2.73746629E-06
  0.12  1.  1.  3.35760657E-06
  0.14  1.  1.  4.15508211E-06
  0.16  1.  1.  5.15232526E-06
  0.18  1.  1.  6.37453E-06
  0.2  1.  1.  7.84883968E-06
  0.22  1.  1.  9.60332211E-06
  0.24  1.  1.  1.16657275E-05
  0.26  1.  1.  1.4062034E-05
  0.28  1.  1.  1.68148105E-05
  0.3  1.  1.  1.99414267E-05
  0.32  1.  1.  2.34521855E-05
  0.34  1.  1.  2.73484385E-05
  0.36  1.  1.  3.16208105E-05
  0.38  1.  1.  3.62476169E-05
  0.4  1.  1.  4.11936277E-05
  0.42  1.  1.  4.64092689E-05
  0.44  1.  1.  5.18304012E-05
  0.46  1.  1.  5.73787481E-05
  0.48  1.  1.  6.29630508E-05
  0.5  1.  1.  6.8480966E-05
  0.52  1.  1.  7.38216847E-05
  0.54  1.  1.  7.88692004E-05
  0.56  1.  1.  8.35060946E-05
  0.58  1.  1.  8.76176769E-05
  0.6  1.  1.  9.10962582E-05
  0.62  1.  1.  9.38453334E-05
  0.64  1.  1.  9.57834158E-05
  0.66  1.  1.  9.6847297E-05
  0.68  1.  1.  9.69945142E-05
  0.7  1.  1.  9.62048654E-05
  0.72  1.  1.  9.44808622E-05
  0.74  1.  1.  9.18470809E-05
  0.76  1.  1.  8.83484513E-05
  0.78  1.  1.  8.40475782E-05
  0.8  1.  1.  7.90212809E-05
  0.82  1.  1.  7.33565505E-05
  0.84  1.  1.  6.71462072E-05
  0.86  1.  1.  6.04844993E-05
  0.88  1.  1.  5.34629428E-05
  0.9  1.  1.  4.61666251E-05
  0.92  1.  1.  3.8671199E-05
  0.94  1.  1.  3.10407198E-05
  0.96  1.  1.  2.33263976E-05
  0.98  1.  1.  1.55663075E-05
  1.  1.  1.  7.7859989E-06
  1.02  1.  1.  0.

